Gene Exonic_mutations Pval Qval
ENSG00000267167.1 3 5.74143733914076e-05 0.131249257572758
ENSG00000270246.2 3 0.00028311225499901 0.323597307463868
ENSG00000234840.1 4 0.000916650168283508 0.35086186540732
ENSG00000261325.1 4 0.00101069095228668 0.35086186540732
ENSG00000236457.1 2 0.00107843137254902 0.35086186540732
ENSG00000233605.1 3 0.00137254901960784 0.35086186540732
ENSG00000272945.1 2 0.00147058823529412 0.35086186540732
ENSG00000167355.3 4 0.00186274509803922 0.35086186540732
ENSG00000256884.1 2 0.00186274509803922 0.35086186540732
ENSG00000259093.1 3 0.00196078431372549 0.35086186540732
ENSG00000225913.2 2 0.00245098039215686 0.35086186540732
ENSG00000224216.1 2 0.00294117647058824 0.35086186540732
ENSG00000254865.1 2 0.00323529411764706 0.35086186540732
ENSG00000228293.1 2 0.00333333333333333 0.35086186540732
ENSG00000224671.1 2 0.00352941176470588 0.35086186540732
ENSG00000248165.1 2 0.00352941176470588 0.35086186540732
ENSG00000237222.3 4 0.00372549019607843 0.35086186540732
ENSG00000253523.1 3 0.00401960784313726 0.35086186540732
ENSG00000272831.1 2 0.0042156862745098 0.35086186540732
ENSG00000272304.1 2 0.0046078431372549 0.35086186540732
ENSG00000258010.2 3 0.00470588235294118 0.35086186540732
ENSG00000261655.1 3 0.00509803921568627 0.35086186540732
ENSG00000225407.3 2 0.00529411764705882 0.35086186540732
ENSG00000235965.2 2 0.00529411764705882 0.35086186540732
ENSG00000228566.1 2 0.0057843137254902 0.35086186540732
ENSG00000258776.1 3 0.00598039215686275 0.35086186540732
ENSG00000267092.1 1 0.00598039215686275 0.35086186540732
ENSG00000205682.2 4 0.00617647058823529 0.35086186540732
ENSG00000254823.1 2 0.00627450980392157 0.35086186540732
ENSG00000212163.2 1 0.00666666666666667 0.35086186540732
ENSG00000272382.1 3 0.00676470588235294 0.35086186540732
ENSG00000245651.2 4 0.00686274509803922 0.35086186540732
ENSG00000254876.1 4 0.00705882352941176 0.35086186540732
ENSG00000231173.1 2 0.00764705882352941 0.35086186540732
ENSG00000247134.2 2 0.00823529411764706 0.35086186540732
ENSG00000268743.1 2 0.00823529411764706 0.35086186540732
ENSG00000261617.1 4 0.00843137254901961 0.35086186540732
ENSG00000243961.2 2 0.00852941176470588 0.35086186540732
ENSG00000248461.1 3 0.00872549019607843 0.35086186540732
ENSG00000261781.1 2 0.00941176470588235 0.35086186540732
ENSG00000237414.2 2 0.01 0.35086186540732
ENSG00000251577.1 2 0.01 0.35086186540732
ENSG00000225873.1 1 0.0114705882352941 0.35086186540732
ENSG00000272070.1 3 0.0116666666666667 0.35086186540732
ENSG00000234207.1 2 0.0117647058823529 0.35086186540732
ENSG00000250723.1 3 0.0120588235294118 0.35086186540732
ENSG00000188206.5 4 0.0123529411764706 0.35086186540732
ENSG00000266916.1 2 0.0123529411764706 0.35086186540732
ENSG00000257096.1 2 0.0131372549019608 0.35086186540732
ENSG00000233355.2 4 0.0133333333333333 0.35086186540732
ENSG00000224975.1 2 0.0138235294117647 0.35086186540732
ENSG00000258902.1 2 0.0142156862745098 0.35086186540732
ENSG00000224675.1 3 0.0149019607843137 0.35086186540732
ENSG00000214942.4 2 0.015 0.35086186540732
ENSG00000223779.4 2 0.015 0.35086186540732
ENSG00000224500.1 1 0.015 0.35086186540732
ENSG00000225135.1 3 0.015 0.35086186540732
ENSG00000226876.2 1 0.015 0.35086186540732
ENSG00000227094.1 1 0.015 0.35086186540732
ENSG00000231194.1 1 0.015 0.35086186540732
ENSG00000232299.1 1 0.015 0.35086186540732
ENSG00000233639.1 2 0.015 0.35086186540732
ENSG00000233695.1 2 0.015 0.35086186540732
ENSG00000234978.1 1 0.015 0.35086186540732
ENSG00000235609.4 5 0.015 0.35086186540732
ENSG00000237058.1 1 0.015 0.35086186540732
ENSG00000237460.2 2 0.015 0.35086186540732
ENSG00000244513.2 2 0.015 0.35086186540732
ENSG00000250061.1 2 0.015 0.35086186540732
ENSG00000250770.2 2 0.015 0.35086186540732
ENSG00000250874.1 2 0.015 0.35086186540732
ENSG00000251093.1 1 0.015 0.35086186540732
ENSG00000251141.1 3 0.015 0.35086186540732
ENSG00000253753.1 1 0.015 0.35086186540732
ENSG00000256403.1 1 0.015 0.35086186540732
ENSG00000256597.1 2 0.015 0.35086186540732
ENSG00000258490.1 1 0.015 0.35086186540732
ENSG00000260269.1 2 0.015 0.35086186540732
ENSG00000262905.1 1 0.015 0.35086186540732
ENSG00000263427.1 1 0.015 0.35086186540732
ENSG00000263916.1 1 0.015 0.35086186540732
ENSG00000269973.1 2 0.015 0.35086186540732
ENSG00000271420.1 1 0.015 0.35086186540732
ENSG00000272858.1 2 0.015 0.35086186540732
ENSG00000273297.1 2 0.015 0.35086186540732
ENSG00000246876.2 4 0.0150980392156863 0.35086186540732
ENSG00000224371.1 2 0.0153921568627451 0.35086186540732
ENSG00000249497.1 2 0.0165686274509804 0.35086186540732
ENSG00000260983.1 2 0.0167647058823529 0.35086186540732
ENSG00000204603.2 3 0.017156862745098 0.35086186540732
ENSG00000250066.1 1 0.0179411764705882 0.35086186540732
ENSG00000233219.1 1 0.0182352941176471 0.35086186540732
ENSG00000259542.1 2 0.0185294117647059 0.35086186540732
ENSG00000261959.1 2 0.0186274509803922 0.35086186540732
ENSG00000263878.1 2 0.0186274509803922 0.35086186540732
ENSG00000260059.1 3 0.0187254901960784 0.35086186540732
ENSG00000227125.1 2 0.0199019607843137 0.35086186540732
ENSG00000227509.1 2 0.0199019607843137 0.35086186540732
ENSG00000153363.8 2 0.02 0.35086186540732
ENSG00000179452.2 1 0.02 0.35086186540732
ENSG00000224738.1 2 0.02 0.35086186540732
ENSG00000226667.2 1 0.02 0.35086186540732
ENSG00000229015.1 1 0.02 0.35086186540732
ENSG00000230782.1 2 0.02 0.35086186540732
ENSG00000230881.1 1 0.02 0.35086186540732
ENSG00000231098.1 1 0.02 0.35086186540732
ENSG00000231877.1 3 0.02 0.35086186540732
ENSG00000233536.2 1 0.02 0.35086186540732
ENSG00000233896.1 2 0.02 0.35086186540732
ENSG00000234634.1 1 0.02 0.35086186540732
ENSG00000235099.1 2 0.02 0.35086186540732
ENSG00000236678.3 4 0.02 0.35086186540732
ENSG00000237851.1 1 0.02 0.35086186540732
ENSG00000238284.1 2 0.02 0.35086186540732
ENSG00000245648.1 3 0.02 0.35086186540732
ENSG00000247796.2 2 0.02 0.35086186540732
ENSG00000249901.1 1 0.02 0.35086186540732
ENSG00000251599.1 1 0.02 0.35086186540732
ENSG00000254577.1 1 0.02 0.35086186540732
ENSG00000259351.1 1 0.02 0.35086186540732
ENSG00000259540.1 1 0.02 0.35086186540732
ENSG00000267555.1 1 0.02 0.35086186540732
ENSG00000270137.1 2 0.02 0.35086186540732
ENSG00000270165.1 1 0.02 0.35086186540732
ENSG00000271670.1 2 0.02 0.35086186540732
ENSG00000214970.4 2 0.0204901960784314 0.35086186540732
ENSG00000259515.1 2 0.0213725490196078 0.35086186540732
ENSG00000267448.1 1 0.0230392156862745 0.35086186540732
ENSG00000229656.2 2 0.0233333333333333 0.35086186540732
ENSG00000258719.1 2 0.0236274509803922 0.35086186540732
ENSG00000175701.6 2 0.025 0.35086186540732
ENSG00000223586.1 2 0.025 0.35086186540732
ENSG00000231865.1 3 0.025 0.35086186540732
ENSG00000234019.1 2 0.025 0.35086186540732
ENSG00000235575.1 1 0.025 0.35086186540732
ENSG00000235584.2 2 0.025 0.35086186540732
ENSG00000236045.1 1 0.025 0.35086186540732
ENSG00000237061.1 1 0.025 0.35086186540732
ENSG00000237338.1 1 0.025 0.35086186540732
ENSG00000237927.1 2 0.025 0.35086186540732
ENSG00000238282.1 1 0.025 0.35086186540732
ENSG00000245812.2 2 0.025 0.35086186540732
ENSG00000248839.1 1 0.025 0.35086186540732
ENSG00000254615.2 2 0.025 0.35086186540732
ENSG00000259293.1 2 0.025 0.35086186540732
ENSG00000260411.2 3 0.025 0.35086186540732
ENSG00000260454.1 1 0.025 0.35086186540732
ENSG00000263499.1 2 0.025 0.35086186540732
ENSG00000264920.1 2 0.025 0.35086186540732
ENSG00000268659.1 1 0.025 0.35086186540732
ENSG00000270876.1 1 0.025 0.35086186540732
ENSG00000255363.1 1 0.0265686274509804 0.35086186540732
ENSG00000253632.1 1 0.028921568627451 0.35086186540732
ENSG00000189223.9 6 0.03 0.35086186540732
ENSG00000203395.2 2 0.03 0.35086186540732
ENSG00000224606.1 1 0.03 0.35086186540732
ENSG00000227935.1 1 0.03 0.35086186540732
ENSG00000228973.1 1 0.03 0.35086186540732
ENSG00000230648.1 1 0.03 0.35086186540732
ENSG00000230729.1 1 0.03 0.35086186540732
ENSG00000234089.1 2 0.03 0.35086186540732
ENSG00000235281.1 2 0.03 0.35086186540732
ENSG00000235477.2 1 0.03 0.35086186540732
ENSG00000238045.5 2 0.03 0.35086186540732
ENSG00000243276.1 2 0.03 0.35086186540732
ENSG00000249695.2 4 0.03 0.35086186540732
ENSG00000253376.1 1 0.03 0.35086186540732
ENSG00000254197.1 1 0.03 0.35086186540732
ENSG00000255422.1 1 0.03 0.35086186540732
ENSG00000255839.1 1 0.03 0.35086186540732
ENSG00000258443.1 1 0.03 0.35086186540732
ENSG00000263312.1 1 0.03 0.35086186540732
ENSG00000263952.1 2 0.03 0.35086186540732
ENSG00000265479.1 1 0.03 0.35086186540732
ENSG00000267192.1 1 0.03 0.35086186540732
ENSG00000270015.1 2 0.03 0.35086186540732
ENSG00000270104.1 1 0.03 0.35086186540732
ENSG00000273064.1 2 0.03 0.35086186540732
ENSG00000250102.1 2 0.0309803921568627 0.35086186540732
ENSG00000257272.1 1 0.0320588235294118 0.35086186540732
ENSG00000265113.1 1 0.0343137254901961 0.35086186540732
ENSG00000182404.6 2 0.035 0.35086186540732
ENSG00000204581.2 2 0.035 0.35086186540732
ENSG00000215241.3 1 0.035 0.35086186540732
ENSG00000228553.1 1 0.035 0.35086186540732
ENSG00000230190.1 2 0.035 0.35086186540732
ENSG00000233258.1 1 0.035 0.35086186540732
ENSG00000233262.1 1 0.035 0.35086186540732
ENSG00000233293.1 1 0.035 0.35086186540732
ENSG00000239569.2 2 0.035 0.35086186540732
ENSG00000248677.1 2 0.035 0.35086186540732
ENSG00000249593.2 2 0.035 0.35086186540732
ENSG00000250635.1 1 0.035 0.35086186540732
ENSG00000253282.1 1 0.035 0.35086186540732
ENSG00000253414.2 1 0.035 0.35086186540732
ENSG00000254774.1 1 0.035 0.35086186540732
ENSG00000256947.1 1 0.035 0.35086186540732
ENSG00000258576.1 1 0.035 0.35086186540732
ENSG00000259203.1 1 0.035 0.35086186540732
ENSG00000261374.1 1 0.035 0.35086186540732
ENSG00000261553.1 3 0.035 0.35086186540732
ENSG00000261644.1 2 0.035 0.35086186540732
ENSG00000262999.1 2 0.035 0.35086186540732
ENSG00000263276.1 2 0.035 0.35086186540732
ENSG00000264469.1 2 0.035 0.35086186540732
ENSG00000268525.1 1 0.035 0.35086186540732
ENSG00000271871.1 1 0.035 0.35086186540732
ENSG00000273149.1 1 0.035 0.35086186540732
ENSG00000267356.1 1 0.0393137254901961 0.35086186540732
ENSG00000184991.2 1 0.04 0.35086186540732
ENSG00000206552.4 2 0.04 0.35086186540732
ENSG00000225077.2 2 0.04 0.35086186540732
ENSG00000227911.3 1 0.04 0.35086186540732
ENSG00000228873.1 1 0.04 0.35086186540732
ENSG00000231465.2 1 0.04 0.35086186540732
ENSG00000232283.1 2 0.04 0.35086186540732
ENSG00000234625.1 1 0.04 0.35086186540732
ENSG00000236434.2 1 0.04 0.35086186540732
ENSG00000236525.1 2 0.04 0.35086186540732
ENSG00000237208.1 2 0.04 0.35086186540732
ENSG00000243197.3 3 0.04 0.35086186540732
ENSG00000243572.1 1 0.04 0.35086186540732
ENSG00000245667.2 1 0.04 0.35086186540732
ENSG00000250328.1 2 0.04 0.35086186540732
ENSG00000250948.1 1 0.04 0.35086186540732
ENSG00000251628.1 1 0.04 0.35086186540732
ENSG00000253471.1 1 0.04 0.35086186540732
ENSG00000254651.1 1 0.04 0.35086186540732
ENSG00000255857.1 2 0.04 0.35086186540732
ENSG00000256152.2 1 0.04 0.35086186540732
ENSG00000257526.1 1 0.04 0.35086186540732
ENSG00000258998.1 3 0.04 0.35086186540732
ENSG00000259976.1 2 0.04 0.35086186540732
ENSG00000260958.2 2 0.04 0.35086186540732
ENSG00000261183.1 2 0.04 0.35086186540732
ENSG00000261470.1 1 0.04 0.35086186540732
ENSG00000262152.2 2 0.04 0.35086186540732
ENSG00000262231.1 1 0.04 0.35086186540732
ENSG00000262898.1 1 0.04 0.35086186540732
ENSG00000265728.1 1 0.04 0.35086186540732
ENSG00000266278.1 2 0.04 0.35086186540732
ENSG00000268816.1 1 0.04 0.35086186540732
ENSG00000269085.1 1 0.04 0.35086186540732
ENSG00000270097.1 1 0.04 0.35086186540732
ENSG00000272769.1 1 0.04 0.35086186540732
ENSG00000272990.1 1 0.04 0.35086186540732
ENSG00000273203.1 3 0.04 0.35086186540732
ENSG00000272294.1 2 0.0426470588235294 0.35086186540732
ENSG00000215808.2 1 0.045 0.35086186540732
ENSG00000223817.1 1 0.045 0.35086186540732
ENSG00000227803.2 1 0.045 0.35086186540732
ENSG00000229348.1 1 0.045 0.35086186540732
ENSG00000230184.1 1 0.045 0.35086186540732
ENSG00000232080.3 1 0.045 0.35086186540732
ENSG00000233099.1 1 0.045 0.35086186540732
ENSG00000234149.1 1 0.045 0.35086186540732
ENSG00000234584.1 1 0.045 0.35086186540732
ENSG00000236948.1 1 0.045 0.35086186540732
ENSG00000237035.1 1 0.045 0.35086186540732
ENSG00000237937.1 1 0.045 0.35086186540732
ENSG00000243479.3 1 0.045 0.35086186540732
ENSG00000249405.1 1 0.045 0.35086186540732
ENSG00000251128.1 1 0.045 0.35086186540732
ENSG00000251250.1 1 0.045 0.35086186540732
ENSG00000251526.1 1 0.045 0.35086186540732
ENSG00000255382.1 1 0.045 0.35086186540732
ENSG00000257769.1 1 0.045 0.35086186540732
ENSG00000257925.1 1 0.045 0.35086186540732
ENSG00000270640.1 1 0.045 0.35086186540732
ENSG00000272597.1 1 0.045 0.35086186540732
ENSG00000273396.1 1 0.045 0.35086186540732
ENSG00000219926.6 4 0.05 0.35086186540732
ENSG00000223701.3 1 0.05 0.35086186540732
ENSG00000225675.2 1 0.05 0.35086186540732
ENSG00000225979.1 1 0.05 0.35086186540732
ENSG00000227945.1 1 0.05 0.35086186540732
ENSG00000228382.1 1 0.05 0.35086186540732
ENSG00000230393.1 1 0.05 0.35086186540732
ENSG00000233930.3 1 0.05 0.35086186540732
ENSG00000234553.1 1 0.05 0.35086186540732
ENSG00000234661.2 2 0.05 0.35086186540732
ENSG00000237341.1 1 0.05 0.35086186540732
ENSG00000237738.1 1 0.05 0.35086186540732
ENSG00000237760.1 1 0.05 0.35086186540732
ENSG00000249790.2 2 0.05 0.35086186540732
ENSG00000250174.1 1 0.05 0.35086186540732
ENSG00000251450.1 1 0.05 0.35086186540732
ENSG00000251611.1 1 0.05 0.35086186540732
ENSG00000255411.1 1 0.05 0.35086186540732
ENSG00000258553.1 1 0.05 0.35086186540732
ENSG00000259180.1 1 0.05 0.35086186540732
ENSG00000259524.1 1 0.05 0.35086186540732
ENSG00000259788.1 1 0.05 0.35086186540732
ENSG00000260515.1 2 0.05 0.35086186540732
ENSG00000261320.1 1 0.05 0.35086186540732
ENSG00000261664.1 1 0.05 0.35086186540732
ENSG00000270171.1 1 0.05 0.35086186540732
ENSG00000272549.1 3 0.05 0.35086186540732
ENSG00000272669.1 1 0.05 0.35086186540732
ENSG00000273009.1 1 0.05 0.35086186540732
ENSG00000224223.1 2 0.055 0.35086186540732
ENSG00000231272.1 1 0.055 0.35086186540732
ENSG00000232623.1 1 0.055 0.35086186540732
ENSG00000234390.4 2 0.055 0.35086186540732
ENSG00000235356.1 1 0.055 0.35086186540732
ENSG00000236064.1 2 0.055 0.35086186540732
ENSG00000236859.2 2 0.055 0.35086186540732
ENSG00000248192.1 1 0.055 0.35086186540732
ENSG00000250320.1 2 0.055 0.35086186540732
ENSG00000253284.2 3 0.055 0.35086186540732
ENSG00000254136.1 1 0.055 0.35086186540732
ENSG00000256342.1 1 0.055 0.35086186540732
ENSG00000259840.1 1 0.055 0.35086186540732
ENSG00000260659.1 1 0.055 0.35086186540732
ENSG00000260793.2 1 0.055 0.35086186540732
ENSG00000264643.1 1 0.055 0.35086186540732
ENSG00000267161.1 2 0.055 0.35086186540732
ENSG00000267443.1 1 0.055 0.35086186540732
ENSG00000267986.1 1 0.055 0.35086186540732
ENSG00000272815.1 1 0.055 0.35086186540732
ENSG00000203565.2 1 0.06 0.35086186540732
ENSG00000212663.2 1 0.06 0.35086186540732
ENSG00000224549.1 1 0.06 0.35086186540732
ENSG00000226375.1 1 0.06 0.35086186540732
ENSG00000226983.2 3 0.06 0.35086186540732
ENSG00000227660.1 1 0.06 0.35086186540732
ENSG00000232271.1 1 0.06 0.35086186540732
ENSG00000232500.1 1 0.06 0.35086186540732
ENSG00000233791.1 2 0.06 0.35086186540732
ENSG00000240801.1 1 0.06 0.35086186540732
ENSG00000248749.1 1 0.06 0.35086186540732
ENSG00000249731.1 1 0.06 0.35086186540732
ENSG00000250034.1 1 0.06 0.35086186540732
ENSG00000250241.1 4 0.06 0.35086186540732
ENSG00000251330.3 1 0.06 0.35086186540732
ENSG00000253911.1 1 0.06 0.35086186540732
ENSG00000254277.1 1 0.06 0.35086186540732
ENSG00000258412.1 1 0.06 0.35086186540732
ENSG00000258853.1 1 0.06 0.35086186540732
ENSG00000259254.1 1 0.06 0.35086186540732
ENSG00000259579.1 1 0.06 0.35086186540732
ENSG00000260660.1 2 0.06 0.35086186540732
ENSG00000260852.1 3 0.06 0.35086186540732
ENSG00000260911.1 1 0.06 0.35086186540732
ENSG00000260973.1 1 0.06 0.35086186540732
ENSG00000260990.1 1 0.06 0.35086186540732
ENSG00000261298.1 1 0.06 0.35086186540732
ENSG00000272788.1 1 0.06 0.35086186540732
ENSG00000272862.1 1 0.06 0.35086186540732
ENSG00000273295.1 2 0.06 0.35086186540732
ENSG00000273374.1 2 0.06 0.35086186540732
ENSG00000223537.2 1 0.065 0.35086186540732
ENSG00000224574.1 1 0.065 0.35086186540732
ENSG00000225166.1 1 0.065 0.35086186540732
ENSG00000227704.1 1 0.065 0.35086186540732
ENSG00000228682.2 1 0.065 0.35086186540732
ENSG00000229437.1 1 0.065 0.35086186540732
ENSG00000231867.1 1 0.065 0.35086186540732
ENSG00000232200.2 1 0.065 0.35086186540732
ENSG00000232545.1 1 0.065 0.35086186540732
ENSG00000232611.1 2 0.065 0.35086186540732
ENSG00000235914.1 2 0.065 0.35086186540732
ENSG00000242049.1 1 0.065 0.35086186540732
ENSG00000248115.1 3 0.065 0.35086186540732
ENSG00000248203.1 1 0.065 0.35086186540732
ENSG00000249708.1 1 0.065 0.35086186540732
ENSG00000250385.1 1 0.065 0.35086186540732
ENSG00000253427.1 1 0.065 0.35086186540732
ENSG00000253740.1 1 0.065 0.35086186540732
ENSG00000254178.1 1 0.065 0.35086186540732
ENSG00000254869.1 1 0.065 0.35086186540732
ENSG00000255414.1 2 0.065 0.35086186540732
ENSG00000261061.1 1 0.065 0.35086186540732
ENSG00000261638.1 1 0.065 0.35086186540732
ENSG00000262979.1 1 0.065 0.35086186540732
ENSG00000266922.1 1 0.065 0.35086186540732
ENSG00000267067.1 1 0.065 0.35086186540732
ENSG00000269737.1 1 0.065 0.35086186540732
ENSG00000269954.1 1 0.065 0.35086186540732
ENSG00000271763.1 1 0.065 0.35086186540732
ENSG00000271956.1 2 0.065 0.35086186540732
ENSG00000272742.1 1 0.065 0.35086186540732
ENSG00000218018.2 1 0.07 0.35086186540732
ENSG00000229191.1 1 0.07 0.35086186540732
ENSG00000232307.1 2 0.07 0.35086186540732
ENSG00000232358.1 1 0.07 0.35086186540732
ENSG00000233969.1 1 0.07 0.35086186540732
ENSG00000234527.1 1 0.07 0.35086186540732
ENSG00000235121.1 1 0.07 0.35086186540732
ENSG00000235337.1 1 0.07 0.35086186540732
ENSG00000236240.1 1 0.07 0.35086186540732
ENSG00000236658.1 1 0.07 0.35086186540732
ENSG00000240015.2 1 0.07 0.35086186540732
ENSG00000249937.1 2 0.07 0.35086186540732
ENSG00000254141.1 1 0.07 0.35086186540732
ENSG00000254315.1 1 0.07 0.35086186540732
ENSG00000254369.2 3 0.07 0.35086186540732
ENSG00000254422.1 1 0.07 0.35086186540732
ENSG00000254450.1 1 0.07 0.35086186540732
ENSG00000254511.1 1 0.07 0.35086186540732
ENSG00000255094.1 1 0.07 0.35086186540732
ENSG00000255274.4 1 0.07 0.35086186540732
ENSG00000258108.1 1 0.07 0.35086186540732
ENSG00000258946.1 1 0.07 0.35086186540732
ENSG00000260351.1 1 0.07 0.35086186540732
ENSG00000260816.1 3 0.07 0.35086186540732
ENSG00000262052.1 1 0.07 0.35086186540732
ENSG00000264754.1 1 0.07 0.35086186540732
ENSG00000269574.1 1 0.07 0.35086186540732
ENSG00000271554.1 1 0.07 0.35086186540732
ENSG00000272078.1 5 0.07 0.35086186540732
ENSG00000272694.1 1 0.07 0.35086186540732
ENSG00000273373.1 2 0.07 0.35086186540732
ENSG00000205562.1 2 0.075 0.35086186540732
ENSG00000223563.1 1 0.075 0.35086186540732
ENSG00000226155.1 1 0.075 0.35086186540732
ENSG00000226349.1 1 0.075 0.35086186540732
ENSG00000226447.1 1 0.075 0.35086186540732
ENSG00000226891.2 2 0.075 0.35086186540732
ENSG00000232072.1 1 0.075 0.35086186540732
ENSG00000232686.1 1 0.075 0.35086186540732
ENSG00000244055.1 1 0.075 0.35086186540732
ENSG00000250706.1 1 0.075 0.35086186540732
ENSG00000250777.1 1 0.075 0.35086186540732
ENSG00000251661.3 2 0.075 0.35086186540732
ENSG00000251670.1 1 0.075 0.35086186540732
ENSG00000253961.1 1 0.075 0.35086186540732
ENSG00000253979.1 1 0.075 0.35086186540732
ENSG00000255390.1 1 0.075 0.35086186540732
ENSG00000255599.1 1 0.075 0.35086186540732
ENSG00000255921.1 1 0.075 0.35086186540732
ENSG00000256226.1 1 0.075 0.35086186540732
ENSG00000259616.1 1 0.075 0.35086186540732
ENSG00000261270.1 1 0.075 0.35086186540732
ENSG00000262061.1 1 0.075 0.35086186540732
ENSG00000263201.1 2 0.075 0.35086186540732
ENSG00000266065.1 1 0.075 0.35086186540732
ENSG00000267815.1 1 0.075 0.35086186540732
ENSG00000269694.1 1 0.075 0.35086186540732
ENSG00000269938.1 1 0.075 0.35086186540732
ENSG00000272650.1 1 0.075 0.35086186540732
ENSG00000273175.1 1 0.075 0.35086186540732
ENSG00000185186.4 2 0.08 0.35086186540732
ENSG00000203729.4 1 0.08 0.35086186540732
ENSG00000213971.3 3 0.08 0.35086186540732
ENSG00000224000.1 1 0.08 0.35086186540732
ENSG00000224717.1 2 0.08 0.35086186540732
ENSG00000226771.1 1 0.08 0.35086186540732
ENSG00000226822.1 1 0.08 0.35086186540732
ENSG00000228016.1 2 0.08 0.35086186540732
ENSG00000229294.1 1 0.08 0.35086186540732
ENSG00000229525.1 2 0.08 0.35086186540732
ENSG00000229642.1 1 0.08 0.35086186540732
ENSG00000230489.1 1 0.08 0.35086186540732
ENSG00000233967.2 1 0.08 0.35086186540732
ENSG00000234083.1 1 0.08 0.35086186540732
ENSG00000234311.1 1 0.08 0.35086186540732
ENSG00000234506.1 1 0.08 0.35086186540732
ENSG00000237588.2 2 0.08 0.35086186540732
ENSG00000238129.1 1 0.08 0.35086186540732
ENSG00000250819.1 1 0.08 0.35086186540732
ENSG00000251367.1 1 0.08 0.35086186540732
ENSG00000253475.1 1 0.08 0.35086186540732
ENSG00000253825.1 1 0.08 0.35086186540732
ENSG00000254821.1 1 0.08 0.35086186540732
ENSG00000255335.1 1 0.08 0.35086186540732
ENSG00000255608.1 1 0.08 0.35086186540732
ENSG00000256039.1 1 0.08 0.35086186540732
ENSG00000256571.1 1 0.08 0.35086186540732
ENSG00000259072.1 1 0.08 0.35086186540732
ENSG00000260072.1 3 0.08 0.35086186540732
ENSG00000261184.1 1 0.08 0.35086186540732
ENSG00000261204.1 1 0.08 0.35086186540732
ENSG00000261220.2 1 0.08 0.35086186540732
ENSG00000261810.1 1 0.08 0.35086186540732
ENSG00000261818.1 1 0.08 0.35086186540732
ENSG00000264464.1 1 0.08 0.35086186540732
ENSG00000267395.1 1 0.08 0.35086186540732
ENSG00000267580.1 2 0.08 0.35086186540732
ENSG00000269956.1 1 0.08 0.35086186540732
ENSG00000270076.1 1 0.08 0.35086186540732
ENSG00000270140.1 1 0.08 0.35086186540732
ENSG00000270412.1 1 0.08 0.35086186540732
ENSG00000273388.1 1 0.08 0.35086186540732
ENSG00000223944.1 1 0.085 0.35086186540732
ENSG00000227279.1 1 0.085 0.35086186540732
ENSG00000227719.1 1 0.085 0.35086186540732
ENSG00000229928.1 1 0.085 0.35086186540732
ENSG00000230912.1 1 0.085 0.35086186540732
ENSG00000231605.1 1 0.085 0.35086186540732
ENSG00000235593.1 1 0.085 0.35086186540732
ENSG00000236166.1 1 0.085 0.35086186540732
ENSG00000240666.1 1 0.085 0.35086186540732
ENSG00000241679.2 1 0.085 0.35086186540732
ENSG00000249623.1 1 0.085 0.35086186540732
ENSG00000249959.1 1 0.085 0.35086186540732
ENSG00000253417.1 2 0.085 0.35086186540732
ENSG00000254162.1 4 0.085 0.35086186540732
ENSG00000255856.1 1 0.085 0.35086186540732
ENSG00000256071.1 1 0.085 0.35086186540732
ENSG00000256286.1 1 0.085 0.35086186540732
ENSG00000256596.1 1 0.085 0.35086186540732
ENSG00000258525.1 1 0.085 0.35086186540732
ENSG00000258630.1 1 0.085 0.35086186540732
ENSG00000258687.1 1 0.085 0.35086186540732
ENSG00000258958.1 1 0.085 0.35086186540732
ENSG00000260604.1 3 0.085 0.35086186540732
ENSG00000260744.1 1 0.085 0.35086186540732
ENSG00000261384.1 1 0.085 0.35086186540732
ENSG00000262880.1 1 0.085 0.35086186540732
ENSG00000262888.1 1 0.085 0.35086186540732
ENSG00000264000.1 1 0.085 0.35086186540732
ENSG00000265115.1 1 0.085 0.35086186540732
ENSG00000269842.2 2 0.085 0.35086186540732
ENSG00000271998.1 2 0.085 0.35086186540732
ENSG00000272021.1 1 0.085 0.35086186540732
ENSG00000272477.1 1 0.085 0.35086186540732
ENSG00000273087.1 1 0.085 0.35086186540732
ENSG00000273415.1 1 0.085 0.35086186540732
ENSG00000224467.1 1 0.09 0.35086186540732
ENSG00000224626.1 1 0.09 0.35086186540732
ENSG00000226994.3 3 0.09 0.35086186540732
ENSG00000227516.1 1 0.09 0.35086186540732
ENSG00000228151.1 2 0.09 0.35086186540732
ENSG00000228692.2 1 0.09 0.35086186540732
ENSG00000229751.1 1 0.09 0.35086186540732
ENSG00000229855.4 2 0.09 0.35086186540732
ENSG00000233860.1 1 0.09 0.35086186540732
ENSG00000237707.1 1 0.09 0.35086186540732
ENSG00000242385.1 2 0.09 0.35086186540732
ENSG00000242522.1 1 0.09 0.35086186540732
ENSG00000248428.1 1 0.09 0.35086186540732
ENSG00000248935.1 1 0.09 0.35086186540732
ENSG00000249942.1 1 0.09 0.35086186540732
ENSG00000250899.3 1 0.09 0.35086186540732
ENSG00000251072.2 1 0.09 0.35086186540732
ENSG00000253681.1 1 0.09 0.35086186540732
ENSG00000254842.2 2 0.09 0.35086186540732
ENSG00000255998.1 1 0.09 0.35086186540732
ENSG00000258647.1 1 0.09 0.35086186540732
ENSG00000259588.1 1 0.09 0.35086186540732
ENSG00000259877.1 1 0.09 0.35086186540732
ENSG00000261582.1 1 0.09 0.35086186540732
ENSG00000264272.1 1 0.09 0.35086186540732
ENSG00000268532.1 3 0.09 0.35086186540732
ENSG00000269936.2 1 0.09 0.35086186540732
ENSG00000203441.2 1 0.095 0.35086186540732
ENSG00000212939.2 3 0.095 0.35086186540732
ENSG00000224281.4 4 0.095 0.35086186540732
ENSG00000228251.1 1 0.095 0.35086186540732
ENSG00000229395.1 1 0.095 0.35086186540732
ENSG00000230294.4 2 0.095 0.35086186540732
ENSG00000231681.1 1 0.095 0.35086186540732
ENSG00000231776.1 1 0.095 0.35086186540732
ENSG00000232309.1 1 0.095 0.35086186540732
ENSG00000232606.1 1 0.095 0.35086186540732
ENSG00000233977.1 1 0.095 0.35086186540732
ENSG00000238034.1 1 0.095 0.35086186540732
ENSG00000242396.1 1 0.095 0.35086186540732
ENSG00000242973.2 1 0.095 0.35086186540732
ENSG00000243155.1 2 0.095 0.35086186540732
ENSG00000248008.2 1 0.095 0.35086186540732
ENSG00000255076.2 1 0.095 0.35086186540732
ENSG00000257124.2 1 0.095 0.35086186540732
ENSG00000261080.1 1 0.095 0.35086186540732
ENSG00000261402.1 2 0.095 0.35086186540732
ENSG00000261710.1 1 0.095 0.35086186540732
ENSG00000261789.1 2 0.095 0.35086186540732
ENSG00000264735.1 1 0.095 0.35086186540732
ENSG00000267224.1 1 0.095 0.35086186540732
ENSG00000270147.1 1 0.095 0.35086186540732
ENSG00000273044.1 1 0.095 0.35086186540732
ENSG00000179600.2 1 0.1 0.35086186540732
ENSG00000223669.1 1 0.1 0.35086186540732
ENSG00000223692.1 1 0.1 0.35086186540732
ENSG00000225148.1 1 0.1 0.35086186540732
ENSG00000230773.2 2 0.1 0.35086186540732
ENSG00000232324.1 1 0.1 0.35086186540732
ENSG00000232600.2 1 0.1 0.35086186540732
ENSG00000235403.1 1 0.1 0.35086186540732
ENSG00000239322.1 1 0.1 0.35086186540732
ENSG00000241336.1 1 0.1 0.35086186540732
ENSG00000248417.1 1 0.1 0.35086186540732
ENSG00000253595.1 1 0.1 0.35086186540732
ENSG00000254325.2 1 0.1 0.35086186540732
ENSG00000256258.1 1 0.1 0.35086186540732
ENSG00000256577.1 1 0.1 0.35086186540732
ENSG00000258425.1 1 0.1 0.35086186540732
ENSG00000258929.2 2 0.1 0.35086186540732
ENSG00000259054.1 1 0.1 0.35086186540732
ENSG00000260385.1 2 0.1 0.35086186540732
ENSG00000261633.1 1 0.1 0.35086186540732
ENSG00000265148.1 1 0.1 0.35086186540732
ENSG00000265775.1 1 0.1 0.35086186540732
ENSG00000225612.1 1 0.105 0.35086186540732
ENSG00000228651.1 1 0.105 0.35086186540732
ENSG00000228709.1 1 0.105 0.35086186540732
ENSG00000228824.2 3 0.105 0.35086186540732
ENSG00000229019.1 1 0.105 0.35086186540732
ENSG00000229206.2 1 0.105 0.35086186540732
ENSG00000231010.1 1 0.105 0.35086186540732
ENSG00000234531.2 1 0.105 0.35086186540732
ENSG00000235782.1 1 0.105 0.35086186540732
ENSG00000237556.1 1 0.105 0.35086186540732
ENSG00000248555.2 1 0.105 0.35086186540732
ENSG00000253163.1 1 0.105 0.35086186540732
ENSG00000253778.1 1 0.105 0.35086186540732
ENSG00000258743.1 2 0.105 0.35086186540732
ENSG00000259953.1 1 0.105 0.35086186540732
ENSG00000260683.1 2 0.105 0.35086186540732
ENSG00000262445.3 1 0.105 0.35086186540732
ENSG00000263508.1 1 0.105 0.35086186540732
ENSG00000267074.1 1 0.105 0.35086186540732
ENSG00000163364.5 2 0.11 0.35086186540732
ENSG00000225472.1 1 0.11 0.35086186540732
ENSG00000227294.1 1 0.11 0.35086186540732
ENSG00000227364.1 1 0.11 0.35086186540732
ENSG00000227674.1 2 0.11 0.35086186540732
ENSG00000227757.1 1 0.11 0.35086186540732
ENSG00000228430.4 2 0.11 0.35086186540732
ENSG00000228697.1 1 0.11 0.35086186540732
ENSG00000230552.1 2 0.11 0.35086186540732
ENSG00000230852.1 1 0.11 0.35086186540732
ENSG00000230923.1 2 0.11 0.35086186540732
ENSG00000230971.1 1 0.11 0.35086186540732
ENSG00000231138.1 1 0.11 0.35086186540732
ENSG00000231505.1 1 0.11 0.35086186540732
ENSG00000231595.1 1 0.11 0.35086186540732
ENSG00000232001.1 1 0.11 0.35086186540732
ENSG00000232243.1 1 0.11 0.35086186540732
ENSG00000232532.1 1 0.11 0.35086186540732
ENSG00000232788.1 1 0.11 0.35086186540732
ENSG00000233519.1 1 0.11 0.35086186540732
ENSG00000233760.1 2 0.11 0.35086186540732
ENSG00000234789.1 1 0.11 0.35086186540732
ENSG00000234810.1 2 0.11 0.35086186540732
ENSG00000236091.1 1 0.11 0.35086186540732
ENSG00000236545.1 1 0.11 0.35086186540732
ENSG00000236635.2 1 0.11 0.35086186540732
ENSG00000237017.1 2 0.11 0.35086186540732
ENSG00000237389.1 1 0.11 0.35086186540732
ENSG00000237685.1 1 0.11 0.35086186540732
ENSG00000239203.1 1 0.11 0.35086186540732
ENSG00000241505.1 1 0.11 0.35086186540732
ENSG00000242125.2 1 0.11 0.35086186540732
ENSG00000243694.2 1 0.11 0.35086186540732
ENSG00000245870.2 1 0.11 0.35086186540732
ENSG00000248346.1 1 0.11 0.35086186540732
ENSG00000248441.2 2 0.11 0.35086186540732
ENSG00000248949.1 1 0.11 0.35086186540732
ENSG00000249066.1 1 0.11 0.35086186540732
ENSG00000249290.1 1 0.11 0.35086186540732
ENSG00000250850.2 1 0.11 0.35086186540732
ENSG00000250920.1 1 0.11 0.35086186540732
ENSG00000253766.1 1 0.11 0.35086186540732
ENSG00000253992.1 1 0.11 0.35086186540732
ENSG00000254020.1 1 0.11 0.35086186540732
ENSG00000254226.1 2 0.11 0.35086186540732
ENSG00000254802.1 1 0.11 0.35086186540732
ENSG00000254861.1 1 0.11 0.35086186540732
ENSG00000255171.1 2 0.11 0.35086186540732
ENSG00000255655.1 1 0.11 0.35086186540732
ENSG00000255910.1 1 0.11 0.35086186540732
ENSG00000256458.1 1 0.11 0.35086186540732
ENSG00000257219.1 1 0.11 0.35086186540732
ENSG00000257285.1 1 0.11 0.35086186540732
ENSG00000257379.1 1 0.11 0.35086186540732
ENSG00000257523.1 1 0.11 0.35086186540732
ENSG00000257904.1 1 0.11 0.35086186540732
ENSG00000258026.1 1 0.11 0.35086186540732
ENSG00000258598.1 1 0.11 0.35086186540732
ENSG00000258868.1 1 0.11 0.35086186540732
ENSG00000259488.1 1 0.11 0.35086186540732
ENSG00000259734.1 1 0.11 0.35086186540732
ENSG00000260257.1 1 0.11 0.35086186540732
ENSG00000260367.1 1 0.11 0.35086186540732
ENSG00000260402.1 1 0.11 0.35086186540732
ENSG00000260618.1 1 0.11 0.35086186540732
ENSG00000260920.1 2 0.11 0.35086186540732
ENSG00000261268.1 1 0.11 0.35086186540732
ENSG00000261453.1 1 0.11 0.35086186540732
ENSG00000262115.1 1 0.11 0.35086186540732
ENSG00000264727.1 2 0.11 0.35086186540732
ENSG00000265618.1 1 0.11 0.35086186540732
ENSG00000266893.1 2 0.11 0.35086186540732
ENSG00000266977.1 1 0.11 0.35086186540732
ENSG00000267040.2 2 0.11 0.35086186540732
ENSG00000267231.1 1 0.11 0.35086186540732
ENSG00000267337.1 2 0.11 0.35086186540732
ENSG00000267858.1 2 0.11 0.35086186540732
ENSG00000268164.1 1 0.11 0.35086186540732
ENSG00000270751.1 1 0.11 0.35086186540732
ENSG00000272141.1 1 0.11 0.35086186540732
ENSG00000272461.1 1 0.11 0.35086186540732
ENSG00000272699.1 1 0.11 0.35086186540732
ENSG00000272902.1 2 0.11 0.35086186540732
ENSG00000273312.1 2 0.11 0.35086186540732
ENSG00000273424.1 1 0.11 0.35086186540732
ENSG00000273447.1 1 0.11 0.35086186540732
ENSG00000215068.3 2 0.115 0.35086186540732
ENSG00000225775.1 1 0.115 0.35086186540732
ENSG00000226649.1 1 0.115 0.35086186540732
ENSG00000228876.1 1 0.115 0.35086186540732
ENSG00000231507.1 1 0.115 0.35086186540732
ENSG00000231742.1 1 0.115 0.35086186540732
ENSG00000233223.2 1 0.115 0.35086186540732
ENSG00000236242.1 1 0.115 0.35086186540732
ENSG00000240707.2 2 0.115 0.35086186540732
ENSG00000255458.1 1 0.115 0.35086186540732
ENSG00000260848.1 1 0.115 0.35086186540732
ENSG00000261313.1 1 0.115 0.35086186540732
ENSG00000261668.1 2 0.115 0.35086186540732
ENSG00000265943.1 1 0.115 0.35086186540732
ENSG00000266248.1 1 0.115 0.35086186540732
ENSG00000270117.1 1 0.115 0.35086186540732
ENSG00000049319.2 2 0.12 0.35086186540732
ENSG00000173867.8 1 0.12 0.35086186540732
ENSG00000205325.1 2 0.12 0.35086186540732
ENSG00000225768.1 1 0.12 0.35086186540732
ENSG00000227611.1 1 0.12 0.35086186540732
ENSG00000228204.2 1 0.12 0.35086186540732
ENSG00000229325.1 1 0.12 0.35086186540732
ENSG00000230551.3 2 0.12 0.35086186540732
ENSG00000231150.1 1 0.12 0.35086186540732
ENSG00000231160.5 2 0.12 0.35086186540732
ENSG00000231200.1 1 0.12 0.35086186540732
ENSG00000231589.1 1 0.12 0.35086186540732
ENSG00000232212.1 1 0.12 0.35086186540732
ENSG00000234848.1 1 0.12 0.35086186540732
ENSG00000235972.1 1 0.12 0.35086186540732
ENSG00000236024.1 1 0.12 0.35086186540732
ENSG00000237646.1 1 0.12 0.35086186540732
ENSG00000237767.1 1 0.12 0.35086186540732
ENSG00000238169.1 1 0.12 0.35086186540732
ENSG00000238291.1 1 0.12 0.35086186540732
ENSG00000240175.1 1 0.12 0.35086186540732
ENSG00000241912.1 1 0.12 0.35086186540732
ENSG00000243305.1 1 0.12 0.35086186540732
ENSG00000244625.1 2 0.12 0.35086186540732
ENSG00000248161.1 1 0.12 0.35086186540732
ENSG00000249173.1 1 0.12 0.35086186540732
ENSG00000249645.1 1 0.12 0.35086186540732
ENSG00000250156.3 1 0.12 0.35086186540732
ENSG00000250657.1 1 0.12 0.35086186540732
ENSG00000253141.1 1 0.12 0.35086186540732
ENSG00000253238.1 1 0.12 0.35086186540732
ENSG00000254383.1 1 0.12 0.35086186540732
ENSG00000254438.1 1 0.12 0.35086186540732
ENSG00000254740.2 1 0.12 0.35086186540732
ENSG00000254900.1 1 0.12 0.35086186540732
ENSG00000255559.1 2 0.12 0.35086186540732
ENSG00000255794.2 3 0.12 0.35086186540732
ENSG00000256193.1 2 0.12 0.35086186540732
ENSG00000256433.1 1 0.12 0.35086186540732
ENSG00000258135.1 2 0.12 0.35086186540732
ENSG00000258779.2 2 0.12 0.35086186540732
ENSG00000260267.1 2 0.12 0.35086186540732
ENSG00000260360.1 1 0.12 0.35086186540732
ENSG00000260664.1 2 0.12 0.35086186540732
ENSG00000260723.1 1 0.12 0.35086186540732
ENSG00000260963.1 1 0.12 0.35086186540732
ENSG00000261749.2 1 0.12 0.35086186540732
ENSG00000266753.2 1 0.12 0.35086186540732
ENSG00000267028.1 1 0.12 0.35086186540732
ENSG00000267115.1 1 0.12 0.35086186540732
ENSG00000267520.2 2 0.12 0.35086186540732
ENSG00000267583.1 1 0.12 0.35086186540732
ENSG00000267627.1 1 0.12 0.35086186540732
ENSG00000267747.1 1 0.12 0.35086186540732
ENSG00000267879.1 1 0.12 0.35086186540732
ENSG00000269110.1 1 0.12 0.35086186540732
ENSG00000269290.1 1 0.12 0.35086186540732
ENSG00000269296.1 2 0.12 0.35086186540732
ENSG00000272791.1 1 0.12 0.35086186540732
ENSG00000272995.1 1 0.12 0.35086186540732
ENSG00000273084.1 1 0.12 0.35086186540732
ENSG00000273261.1 1 0.12 0.35086186540732
ENSG00000273382.1 2 0.12 0.35086186540732
ENSG00000230686.1 1 0.125 0.35086186540732
ENSG00000232342.3 1 0.125 0.35086186540732
ENSG00000243081.2 1 0.125 0.35086186540732
ENSG00000250056.1 2 0.125 0.35086186540732
ENSG00000253390.1 1 0.125 0.35086186540732
ENSG00000255020.1 1 0.125 0.35086186540732
ENSG00000258670.1 1 0.125 0.35086186540732
ENSG00000264895.1 1 0.125 0.35086186540732
ENSG00000266840.1 1 0.125 0.35086186540732
ENSG00000266955.1 1 0.125 0.35086186540732
ENSG00000267348.2 1 0.125 0.35086186540732
ENSG00000270145.1 1 0.125 0.35086186540732
ENSG00000122043.6 1 0.13 0.35086186540732
ENSG00000189295.9 1 0.13 0.35086186540732
ENSG00000223351.1 1 0.13 0.35086186540732
ENSG00000223470.2 1 0.13 0.35086186540732
ENSG00000224031.1 1 0.13 0.35086186540732
ENSG00000225076.1 1 0.13 0.35086186540732
ENSG00000225554.1 1 0.13 0.35086186540732
ENSG00000227188.1 1 0.13 0.35086186540732
ENSG00000228352.2 1 0.13 0.35086186540732
ENSG00000228906.1 1 0.13 0.35086186540732
ENSG00000229335.1 1 0.13 0.35086186540732
ENSG00000229400.1 1 0.13 0.35086186540732
ENSG00000231131.2 1 0.13 0.35086186540732
ENSG00000232729.3 1 0.13 0.35086186540732
ENSG00000232739.1 1 0.13 0.35086186540732
ENSG00000233682.2 1 0.13 0.35086186540732
ENSG00000235149.1 1 0.13 0.35086186540732
ENSG00000235304.1 1 0.13 0.35086186540732
ENSG00000235397.1 1 0.13 0.35086186540732
ENSG00000235770.1 3 0.13 0.35086186540732
ENSG00000235785.1 1 0.13 0.35086186540732
ENSG00000236617.2 1 0.13 0.35086186540732
ENSG00000237267.1 2 0.13 0.35086186540732
ENSG00000238078.1 1 0.13 0.35086186540732
ENSG00000238186.1 1 0.13 0.35086186540732
ENSG00000239395.1 1 0.13 0.35086186540732
ENSG00000248228.1 1 0.13 0.35086186540732
ENSG00000249332.1 1 0.13 0.35086186540732
ENSG00000251417.1 1 0.13 0.35086186540732
ENSG00000253222.1 1 0.13 0.35086186540732
ENSG00000254235.1 2 0.13 0.35086186540732
ENSG00000254913.1 1 0.13 0.35086186540732
ENSG00000255060.1 1 0.13 0.35086186540732
ENSG00000255246.1 1 0.13 0.35086186540732
ENSG00000255545.3 4 0.13 0.35086186540732
ENSG00000255553.1 1 0.13 0.35086186540732
ENSG00000257279.1 1 0.13 0.35086186540732
ENSG00000258119.1 1 0.13 0.35086186540732
ENSG00000258384.1 1 0.13 0.35086186540732
ENSG00000258633.1 1 0.13 0.35086186540732
ENSG00000258704.1 1 0.13 0.35086186540732
ENSG00000259462.1 2 0.13 0.35086186540732
ENSG00000261014.1 1 0.13 0.35086186540732
ENSG00000261024.2 1 0.13 0.35086186540732
ENSG00000261317.1 2 0.13 0.35086186540732
ENSG00000263345.1 1 0.13 0.35086186540732
ENSG00000264475.1 1 0.13 0.35086186540732
ENSG00000264569.1 1 0.13 0.35086186540732
ENSG00000267551.3 1 0.13 0.35086186540732
ENSG00000267559.1 1 0.13 0.35086186540732
ENSG00000267940.1 1 0.13 0.35086186540732
ENSG00000268823.2 1 0.13 0.35086186540732
ENSG00000269386.1 1 0.13 0.35086186540732
ENSG00000269984.1 2 0.13 0.35086186540732
ENSG00000272218.1 1 0.13 0.35086186540732
ENSG00000272810.1 1 0.13 0.35086186540732
ENSG00000273119.1 1 0.13 0.35086186540732
ENSG00000196810.4 2 0.135 0.353245033112583
ENSG00000203394.2 1 0.135 0.353245033112583
ENSG00000206567.5 1 0.135 0.353245033112583
ENSG00000260569.2 1 0.135 0.353245033112583
ENSG00000267263.1 1 0.135 0.353245033112583
ENSG00000183242.7 3 0.14 0.353245033112583
ENSG00000224511.1 1 0.14 0.353245033112583
ENSG00000225279.1 1 0.14 0.353245033112583
ENSG00000227244.2 1 0.14 0.353245033112583
ENSG00000228730.1 1 0.14 0.353245033112583
ENSG00000228740.2 1 0.14 0.353245033112583
ENSG00000231028.4 2 0.14 0.353245033112583
ENSG00000232909.1 1 0.14 0.353245033112583
ENSG00000233016.2 2 0.14 0.353245033112583
ENSG00000233261.1 1 0.14 0.353245033112583
ENSG00000233554.1 1 0.14 0.353245033112583
ENSG00000233891.3 2 0.14 0.353245033112583
ENSG00000236206.1 1 0.14 0.353245033112583
ENSG00000236682.1 1 0.14 0.353245033112583
ENSG00000236687.1 1 0.14 0.353245033112583
ENSG00000237928.1 1 0.14 0.353245033112583
ENSG00000240754.1 1 0.14 0.353245033112583
ENSG00000244041.3 1 0.14 0.353245033112583
ENSG00000244265.1 1 0.14 0.353245033112583
ENSG00000248137.1 1 0.14 0.353245033112583
ENSG00000249395.2 1 0.14 0.353245033112583
ENSG00000251129.1 1 0.14 0.353245033112583
ENSG00000251136.4 2 0.14 0.353245033112583
ENSG00000251652.1 1 0.14 0.353245033112583
ENSG00000254067.1 1 0.14 0.353245033112583
ENSG00000254497.1 1 0.14 0.353245033112583
ENSG00000254813.1 1 0.14 0.353245033112583
ENSG00000255148.2 1 0.14 0.353245033112583
ENSG00000256115.1 2 0.14 0.353245033112583
ENSG00000256250.1 1 0.14 0.353245033112583
ENSG00000256695.1 1 0.14 0.353245033112583
ENSG00000256982.1 1 0.14 0.353245033112583
ENSG00000258471.1 1 0.14 0.353245033112583
ENSG00000258682.1 1 0.14 0.353245033112583
ENSG00000259321.1 1 0.14 0.353245033112583
ENSG00000259436.1 1 0.14 0.353245033112583
ENSG00000259986.1 1 0.14 0.353245033112583
ENSG00000260037.1 1 0.14 0.353245033112583
ENSG00000260686.1 1 0.14 0.353245033112583
ENSG00000261058.1 1 0.14 0.353245033112583
ENSG00000262179.2 1 0.14 0.353245033112583
ENSG00000263126.1 2 0.14 0.353245033112583
ENSG00000266268.1 1 0.14 0.353245033112583
ENSG00000267094.1 1 0.14 0.353245033112583
ENSG00000267122.1 1 0.14 0.353245033112583
ENSG00000267248.1 1 0.14 0.353245033112583
ENSG00000267504.1 1 0.14 0.353245033112583
ENSG00000268184.1 1 0.14 0.353245033112583
ENSG00000269736.1 1 0.14 0.353245033112583
ENSG00000270041.1 1 0.14 0.353245033112583
ENSG00000271133.1 1 0.14 0.353245033112583
ENSG00000272066.1 2 0.14 0.353245033112583
ENSG00000272157.1 1 0.14 0.353245033112583
ENSG00000272485.1 1 0.14 0.353245033112583
ENSG00000249650.1 1 0.145 0.35681581685744
ENSG00000254919.1 1 0.145 0.35681581685744
ENSG00000260400.1 1 0.145 0.35681581685744
ENSG00000263443.1 1 0.145 0.35681581685744
ENSG00000263874.1 1 0.145 0.35681581685744
ENSG00000266040.1 1 0.145 0.35681581685744
ENSG00000267230.1 1 0.145 0.35681581685744
ENSG00000268584.1 1 0.145 0.35681581685744
ENSG00000269044.1 1 0.145 0.35681581685744
ENSG00000273156.1 1 0.145 0.35681581685744
ENSG00000175061.13 1 0.15 0.35681581685744
ENSG00000179141.5 2 0.15 0.35681581685744
ENSG00000196243.5 1 0.15 0.35681581685744
ENSG00000203434.2 1 0.15 0.35681581685744
ENSG00000203643.3 1 0.15 0.35681581685744
ENSG00000206249.3 1 0.15 0.35681581685744
ENSG00000219159.3 2 0.15 0.35681581685744
ENSG00000223478.1 1 0.15 0.35681581685744
ENSG00000225431.1 1 0.15 0.35681581685744
ENSG00000225730.1 1 0.15 0.35681581685744
ENSG00000226694.2 1 0.15 0.35681581685744
ENSG00000229901.1 1 0.15 0.35681581685744
ENSG00000230479.1 1 0.15 0.35681581685744
ENSG00000231616.4 1 0.15 0.35681581685744
ENSG00000232160.2 2 0.15 0.35681581685744
ENSG00000233338.1 1 0.15 0.35681581685744
ENSG00000233728.1 1 0.15 0.35681581685744
ENSG00000235875.3 1 0.15 0.35681581685744
ENSG00000240032.1 1 0.15 0.35681581685744
ENSG00000242622.1 1 0.15 0.35681581685744
ENSG00000243347.1 1 0.15 0.35681581685744
ENSG00000243993.1 1 0.15 0.35681581685744
ENSG00000244203.2 1 0.15 0.35681581685744
ENSG00000244468.1 1 0.15 0.35681581685744
ENSG00000248492.1 1 0.15 0.35681581685744
ENSG00000249341.1 1 0.15 0.35681581685744
ENSG00000250739.1 1 0.15 0.35681581685744
ENSG00000251182.1 1 0.15 0.35681581685744
ENSG00000251331.2 1 0.15 0.35681581685744
ENSG00000251586.1 1 0.15 0.35681581685744
ENSG00000254357.1 1 0.15 0.35681581685744
ENSG00000257612.1 1 0.15 0.35681581685744
ENSG00000260725.1 2 0.15 0.35681581685744
ENSG00000260777.1 2 0.15 0.35681581685744
ENSG00000264693.1 1 0.15 0.35681581685744
ENSG00000265511.1 1 0.15 0.35681581685744
ENSG00000267421.2 1 0.15 0.35681581685744
ENSG00000267509.1 1 0.15 0.35681581685744
ENSG00000267522.1 1 0.15 0.35681581685744
ENSG00000269043.1 1 0.15 0.35681581685744
ENSG00000269890.1 2 0.15 0.35681581685744
ENSG00000271147.3 2 0.15 0.35681581685744
ENSG00000272462.2 2 0.15 0.35681581685744
ENSG00000273056.1 1 0.15 0.35681581685744
ENSG00000273097.1 1 0.15 0.35681581685744
ENSG00000203307.2 1 0.16 0.363578528827038
ENSG00000203601.3 1 0.16 0.363578528827038
ENSG00000223522.1 1 0.16 0.363578528827038
ENSG00000223751.1 1 0.16 0.363578528827038
ENSG00000223929.1 1 0.16 0.363578528827038
ENSG00000223941.1 1 0.16 0.363578528827038
ENSG00000226320.1 1 0.16 0.363578528827038
ENSG00000227713.1 1 0.16 0.363578528827038
ENSG00000227838.1 1 0.16 0.363578528827038
ENSG00000229613.1 1 0.16 0.363578528827038
ENSG00000229896.2 1 0.16 0.363578528827038
ENSG00000230537.1 1 0.16 0.363578528827038
ENSG00000232117.1 2 0.16 0.363578528827038
ENSG00000233208.1 1 0.16 0.363578528827038
ENSG00000233577.2 1 0.16 0.363578528827038
ENSG00000234062.3 2 0.16 0.363578528827038
ENSG00000235389.2 1 0.16 0.363578528827038
ENSG00000235522.2 1 0.16 0.363578528827038
ENSG00000236747.1 1 0.16 0.363578528827038
ENSG00000236760.1 1 0.16 0.363578528827038
ENSG00000237923.1 1 0.16 0.363578528827038
ENSG00000249592.1 1 0.16 0.363578528827038
ENSG00000253640.1 2 0.16 0.363578528827038
ENSG00000253849.1 1 0.16 0.363578528827038
ENSG00000254659.2 1 0.16 0.363578528827038
ENSG00000254968.2 1 0.16 0.363578528827038
ENSG00000255082.1 2 0.16 0.363578528827038
ENSG00000256686.1 1 0.16 0.363578528827038
ENSG00000257164.1 1 0.16 0.363578528827038
ENSG00000258077.2 1 0.16 0.363578528827038
ENSG00000258433.1 1 0.16 0.363578528827038
ENSG00000258499.1 1 0.16 0.363578528827038
ENSG00000258970.1 1 0.16 0.363578528827038
ENSG00000259640.1 1 0.16 0.363578528827038
ENSG00000259779.1 1 0.16 0.363578528827038
ENSG00000260090.1 3 0.16 0.363578528827038
ENSG00000260336.1 2 0.16 0.363578528827038
ENSG00000262456.1 1 0.16 0.363578528827038
ENSG00000263884.1 2 0.16 0.363578528827038
ENSG00000267016.1 1 0.16 0.363578528827038
ENSG00000267646.1 2 0.16 0.363578528827038
ENSG00000269271.1 1 0.16 0.363578528827038
ENSG00000272329.1 1 0.16 0.363578528827038
ENSG00000272434.1 1 0.16 0.363578528827038
ENSG00000273301.1 2 0.16 0.363578528827038
ENSG00000248866.1 1 0.165 0.366277097078228
ENSG00000256278.1 1 0.165 0.366277097078228
ENSG00000196893.3 1 0.17 0.366277097078228
ENSG00000203620.2 1 0.17 0.366277097078228
ENSG00000204792.2 1 0.17 0.366277097078228
ENSG00000205786.4 2 0.17 0.366277097078228
ENSG00000214725.3 1 0.17 0.366277097078228
ENSG00000224391.1 1 0.17 0.366277097078228
ENSG00000224505.2 1 0.17 0.366277097078228
ENSG00000224655.1 1 0.17 0.366277097078228
ENSG00000224794.1 1 0.17 0.366277097078228
ENSG00000224805.2 1 0.17 0.366277097078228
ENSG00000227274.1 1 0.17 0.366277097078228
ENSG00000227712.1 1 0.17 0.366277097078228
ENSG00000227906.3 2 0.17 0.366277097078228
ENSG00000228842.2 1 0.17 0.366277097078228
ENSG00000229334.1 1 0.17 0.366277097078228
ENSG00000229792.1 1 0.17 0.366277097078228
ENSG00000231013.1 1 0.17 0.366277097078228
ENSG00000231680.1 1 0.17 0.366277097078228
ENSG00000232044.4 4 0.17 0.366277097078228
ENSG00000233985.1 1 0.17 0.366277097078228
ENSG00000234695.1 1 0.17 0.366277097078228
ENSG00000234710.1 1 0.17 0.366277097078228
ENSG00000234940.1 1 0.17 0.366277097078228
ENSG00000235123.1 1 0.17 0.366277097078228
ENSG00000235245.1 1 0.17 0.366277097078228
ENSG00000235527.2 1 0.17 0.366277097078228
ENSG00000236106.1 2 0.17 0.366277097078228
ENSG00000237976.1 1 0.17 0.366277097078228
ENSG00000240573.1 1 0.17 0.366277097078228
ENSG00000246263.2 1 0.17 0.366277097078228
ENSG00000248518.1 1 0.17 0.366277097078228
ENSG00000248671.3 1 0.17 0.366277097078228
ENSG00000250064.1 1 0.17 0.366277097078228
ENSG00000250529.1 1 0.17 0.366277097078228
ENSG00000253210.1 1 0.17 0.366277097078228
ENSG00000254377.1 3 0.17 0.366277097078228
ENSG00000255871.2 2 0.17 0.366277097078228
ENSG00000258169.1 1 0.17 0.366277097078228
ENSG00000258727.1 1 0.17 0.366277097078228
ENSG00000258912.1 1 0.17 0.366277097078228
ENSG00000259478.2 1 0.17 0.366277097078228
ENSG00000260737.1 1 0.17 0.366277097078228
ENSG00000261570.1 1 0.17 0.366277097078228
ENSG00000265055.1 1 0.17 0.366277097078228
ENSG00000266256.1 4 0.17 0.366277097078228
ENSG00000267407.1 1 0.17 0.366277097078228
ENSG00000267414.1 1 0.17 0.366277097078228
ENSG00000267560.1 1 0.17 0.366277097078228
ENSG00000268061.1 1 0.17 0.366277097078228
ENSG00000268549.1 1 0.17 0.366277097078228
ENSG00000270071.1 1 0.17 0.366277097078228
ENSG00000270189.1 1 0.17 0.366277097078228
ENSG00000272030.1 1 0.17 0.366277097078228
ENSG00000198106.7 1 0.18 0.371371841155235
ENSG00000204929.7 2 0.18 0.371371841155235
ENSG00000206417.4 1 0.18 0.371371841155235
ENSG00000223768.1 1 0.18 0.371371841155235
ENSG00000224945.1 1 0.18 0.371371841155235
ENSG00000226091.3 1 0.18 0.371371841155235
ENSG00000227060.2 1 0.18 0.371371841155235
ENSG00000228329.1 1 0.18 0.371371841155235
ENSG00000228539.1 1 0.18 0.371371841155235
ENSG00000228705.1 1 0.18 0.371371841155235
ENSG00000229258.1 1 0.18 0.371371841155235
ENSG00000229951.1 1 0.18 0.371371841155235
ENSG00000230490.2 1 0.18 0.371371841155235
ENSG00000232193.1 1 0.18 0.371371841155235
ENSG00000233006.2 1 0.18 0.371371841155235
ENSG00000234147.1 1 0.18 0.371371841155235
ENSG00000236354.1 1 0.18 0.371371841155235
ENSG00000236700.1 1 0.18 0.371371841155235
ENSG00000237027.1 1 0.18 0.371371841155235
ENSG00000237647.4 2 0.18 0.371371841155235
ENSG00000237753.1 1 0.18 0.371371841155235
ENSG00000238246.1 1 0.18 0.371371841155235
ENSG00000239513.1 1 0.18 0.371371841155235
ENSG00000244040.1 2 0.18 0.371371841155235
ENSG00000248197.1 1 0.18 0.371371841155235
ENSG00000249487.2 1 0.18 0.371371841155235
ENSG00000249994.1 1 0.18 0.371371841155235
ENSG00000250694.1 1 0.18 0.371371841155235
ENSG00000250863.1 1 0.18 0.371371841155235
ENSG00000253106.1 1 0.18 0.371371841155235
ENSG00000253111.1 1 0.18 0.371371841155235
ENSG00000253712.1 1 0.18 0.371371841155235
ENSG00000254066.1 1 0.18 0.371371841155235
ENSG00000256551.1 1 0.18 0.371371841155235
ENSG00000258882.1 1 0.18 0.371371841155235
ENSG00000259267.1 1 0.18 0.371371841155235
ENSG00000260271.1 2 0.18 0.371371841155235
ENSG00000261087.1 1 0.18 0.371371841155235
ENSG00000264334.1 1 0.18 0.371371841155235
ENSG00000264433.1 1 0.18 0.371371841155235
ENSG00000266602.1 1 0.18 0.371371841155235
ENSG00000267576.1 1 0.18 0.371371841155235
ENSG00000268231.1 1 0.18 0.371371841155235
ENSG00000269037.1 1 0.18 0.371371841155235
ENSG00000271774.1 1 0.18 0.371371841155235
ENSG00000272654.1 1 0.18 0.371371841155235
ENSG00000273485.1 1 0.18 0.371371841155235
ENSG00000176395.8 1 0.19 0.376051948051948
ENSG00000188070.8 3 0.19 0.376051948051948
ENSG00000204277.1 1 0.19 0.376051948051948
ENSG00000204623.4 5 0.19 0.376051948051948
ENSG00000225811.1 1 0.19 0.376051948051948
ENSG00000230939.1 1 0.19 0.376051948051948
ENSG00000231113.2 1 0.19 0.376051948051948
ENSG00000231574.1 1 0.19 0.376051948051948
ENSG00000231654.1 1 0.19 0.376051948051948
ENSG00000233103.1 1 0.19 0.376051948051948
ENSG00000233569.1 1 0.19 0.376051948051948
ENSG00000233987.1 1 0.19 0.376051948051948
ENSG00000234493.1 1 0.19 0.376051948051948
ENSG00000235300.3 1 0.19 0.376051948051948
ENSG00000236451.2 2 0.19 0.376051948051948
ENSG00000236866.1 1 0.19 0.376051948051948
ENSG00000237166.1 1 0.19 0.376051948051948
ENSG00000237596.2 1 0.19 0.376051948051948
ENSG00000237612.1 1 0.19 0.376051948051948
ENSG00000242816.1 1 0.19 0.376051948051948
ENSG00000243069.3 2 0.19 0.376051948051948
ENSG00000243818.4 1 0.19 0.376051948051948
ENSG00000245556.2 1 0.19 0.376051948051948
ENSG00000248222.1 1 0.19 0.376051948051948
ENSG00000250981.1 1 0.19 0.376051948051948
ENSG00000251383.1 1 0.19 0.376051948051948
ENSG00000253837.1 1 0.19 0.376051948051948
ENSG00000254594.1 1 0.19 0.376051948051948
ENSG00000254691.1 1 0.19 0.376051948051948
ENSG00000254990.1 1 0.19 0.376051948051948
ENSG00000254991.1 1 0.19 0.376051948051948
ENSG00000257176.1 1 0.19 0.376051948051948
ENSG00000257551.1 1 0.19 0.376051948051948
ENSG00000259280.1 1 0.19 0.376051948051948
ENSG00000259336.1 1 0.19 0.376051948051948
ENSG00000259572.1 1 0.19 0.376051948051948
ENSG00000259889.1 1 0.19 0.376051948051948
ENSG00000260412.1 2 0.19 0.376051948051948
ENSG00000261597.1 3 0.19 0.376051948051948
ENSG00000267011.1 1 0.19 0.376051948051948
ENSG00000267242.1 1 0.19 0.376051948051948
ENSG00000268257.2 2 0.19 0.376051948051948
ENSG00000269495.1 1 0.19 0.376051948051948
ENSG00000270361.1 1 0.19 0.376051948051948
ENSG00000271090.1 2 0.19 0.376051948051948
ENSG00000273008.1 1 0.19 0.376051948051948
ENSG00000273046.1 1 0.19 0.376051948051948
ENSG00000203987.2 2 0.2 0.385172704296546
ENSG00000223403.3 2 0.2 0.385172704296546
ENSG00000223791.1 1 0.2 0.385172704296546
ENSG00000224822.1 1 0.2 0.385172704296546
ENSG00000225300.1 1 0.2 0.385172704296546
ENSG00000226648.1 1 0.2 0.385172704296546
ENSG00000227848.1 1 0.2 0.385172704296546
ENSG00000230390.1 1 0.2 0.385172704296546
ENSG00000230442.1 1 0.2 0.385172704296546
ENSG00000236194.2 1 0.2 0.385172704296546
ENSG00000236384.3 2 0.2 0.385172704296546
ENSG00000236920.2 1 0.2 0.385172704296546
ENSG00000237125.4 4 0.2 0.385172704296546
ENSG00000237686.2 1 0.2 0.385172704296546
ENSG00000239636.1 1 0.2 0.385172704296546
ENSG00000243960.1 1 0.2 0.385172704296546
ENSG00000247271.2 1 0.2 0.385172704296546
ENSG00000248517.1 1 0.2 0.385172704296546
ENSG00000250865.1 1 0.2 0.385172704296546
ENSG00000253802.1 1 0.2 0.385172704296546
ENSG00000255621.1 1 0.2 0.385172704296546
ENSG00000257817.1 1 0.2 0.385172704296546
ENSG00000257826.1 1 0.2 0.385172704296546
ENSG00000259584.1 1 0.2 0.385172704296546
ENSG00000264790.1 1 0.2 0.385172704296546
ENSG00000265451.1 1 0.2 0.385172704296546
ENSG00000267498.1 1 0.2 0.385172704296546
ENSG00000267660.1 1 0.2 0.385172704296546
ENSG00000270112.2 1 0.2 0.385172704296546
ENSG00000270866.1 1 0.2 0.385172704296546
ENSG00000271732.1 1 0.2 0.385172704296546
ENSG00000272121.1 1 0.2 0.385172704296546
ENSG00000176840.7 1 0.21 0.389659090909091
ENSG00000184856.6 1 0.21 0.389659090909091
ENSG00000224028.1 1 0.21 0.389659090909091
ENSG00000226240.1 1 0.21 0.389659090909091
ENSG00000228313.3 1 0.21 0.389659090909091
ENSG00000228343.1 1 0.21 0.389659090909091
ENSG00000228412.2 1 0.21 0.389659090909091
ENSG00000228618.1 1 0.21 0.389659090909091
ENSG00000229209.1 1 0.21 0.389659090909091
ENSG00000229558.1 1 0.21 0.389659090909091
ENSG00000230972.1 1 0.21 0.389659090909091
ENSG00000231367.1 1 0.21 0.389659090909091
ENSG00000232903.2 1 0.21 0.389659090909091
ENSG00000233723.3 3 0.21 0.389659090909091
ENSG00000235385.1 1 0.21 0.389659090909091
ENSG00000235491.1 1 0.21 0.389659090909091
ENSG00000236744.2 1 0.21 0.389659090909091
ENSG00000236754.1 1 0.21 0.389659090909091
ENSG00000237212.1 1 0.21 0.389659090909091
ENSG00000237457.2 1 0.21 0.389659090909091
ENSG00000238131.1 1 0.21 0.389659090909091
ENSG00000240207.2 2 0.21 0.389659090909091
ENSG00000242641.1 5 0.21 0.389659090909091
ENSG00000244701.1 1 0.21 0.389659090909091
ENSG00000245954.2 1 0.21 0.389659090909091
ENSG00000248015.2 2 0.21 0.389659090909091
ENSG00000249201.2 1 0.21 0.389659090909091
ENSG00000251055.2 1 0.21 0.389659090909091
ENSG00000253500.1 2 0.21 0.389659090909091
ENSG00000253679.1 1 0.21 0.389659090909091
ENSG00000256417.1 1 0.21 0.389659090909091
ENSG00000257787.1 1 0.21 0.389659090909091
ENSG00000258038.1 2 0.21 0.389659090909091
ENSG00000259520.1 1 0.21 0.389659090909091
ENSG00000259757.1 1 0.21 0.389659090909091
ENSG00000259810.2 1 0.21 0.389659090909091
ENSG00000260288.2 1 0.21 0.389659090909091
ENSG00000260612.1 1 0.21 0.389659090909091
ENSG00000261663.1 1 0.21 0.389659090909091
ENSG00000263612.1 1 0.21 0.389659090909091
ENSG00000266767.1 1 0.21 0.389659090909091
ENSG00000267577.1 1 0.21 0.389659090909091
ENSG00000267787.1 1 0.21 0.389659090909091
ENSG00000272189.1 1 0.21 0.389659090909091
ENSG00000272884.1 1 0.21 0.389659090909091
ENSG00000162947.4 1 0.22 0.396312056737589
ENSG00000204583.5 1 0.22 0.396312056737589
ENSG00000214548.10 3 0.22 0.396312056737589
ENSG00000225879.1 1 0.22 0.396312056737589
ENSG00000226798.1 1 0.22 0.396312056737589
ENSG00000226861.1 1 0.22 0.396312056737589
ENSG00000229056.2 1 0.22 0.396312056737589
ENSG00000229956.5 3 0.22 0.396312056737589
ENSG00000231172.2 1 0.22 0.396312056737589
ENSG00000231459.1 1 0.22 0.396312056737589
ENSG00000231482.2 1 0.22 0.396312056737589
ENSG00000234647.1 1 0.22 0.396312056737589
ENSG00000237940.3 1 0.22 0.396312056737589
ENSG00000238266.1 1 0.22 0.396312056737589
ENSG00000238273.3 1 0.22 0.396312056737589
ENSG00000250366.2 1 0.22 0.396312056737589
ENSG00000253177.1 1 0.22 0.396312056737589
ENSG00000253901.1 1 0.22 0.396312056737589
ENSG00000254010.1 1 0.22 0.396312056737589
ENSG00000254081.1 2 0.22 0.396312056737589
ENSG00000255428.1 1 0.22 0.396312056737589
ENSG00000257621.3 3 0.22 0.396312056737589
ENSG00000258999.1 1 0.22 0.396312056737589
ENSG00000259342.1 1 0.22 0.396312056737589
ENSG00000260198.1 1 0.22 0.396312056737589
ENSG00000260542.1 1 0.22 0.396312056737589
ENSG00000260695.1 2 0.22 0.396312056737589
ENSG00000260971.3 1 0.22 0.396312056737589
ENSG00000260972.1 1 0.22 0.396312056737589
ENSG00000261398.1 2 0.22 0.396312056737589
ENSG00000261729.1 1 0.22 0.396312056737589
ENSG00000267014.1 2 0.22 0.396312056737589
ENSG00000267172.1 1 0.22 0.396312056737589
ENSG00000270093.1 1 0.22 0.396312056737589
ENSG00000270792.1 1 0.22 0.396312056737589
ENSG00000271009.2 1 0.22 0.396312056737589
ENSG00000271845.1 1 0.22 0.396312056737589
ENSG00000188477.8 1 0.23 0.404446153846154
ENSG00000224577.1 1 0.23 0.404446153846154
ENSG00000224699.4 3 0.23 0.404446153846154
ENSG00000224944.1 1 0.23 0.404446153846154
ENSG00000225128.1 1 0.23 0.404446153846154
ENSG00000225156.2 1 0.23 0.404446153846154
ENSG00000227066.1 1 0.23 0.404446153846154
ENSG00000228414.2 1 0.23 0.404446153846154
ENSG00000231422.2 1 0.23 0.404446153846154
ENSG00000231764.4 5 0.23 0.404446153846154
ENSG00000235423.4 1 0.23 0.404446153846154
ENSG00000236081.1 1 0.23 0.404446153846154
ENSG00000236494.1 1 0.23 0.404446153846154
ENSG00000249550.2 2 0.23 0.404446153846154
ENSG00000249669.3 2 0.23 0.404446153846154
ENSG00000249854.1 1 0.23 0.404446153846154
ENSG00000253836.1 1 0.23 0.404446153846154
ENSG00000255945.1 1 0.23 0.404446153846154
ENSG00000259234.1 1 0.23 0.404446153846154
ENSG00000260054.1 1 0.23 0.404446153846154
ENSG00000260303.1 2 0.23 0.404446153846154
ENSG00000260948.1 1 0.23 0.404446153846154
ENSG00000261316.1 1 0.23 0.404446153846154
ENSG00000261618.1 2 0.23 0.404446153846154
ENSG00000261879.1 1 0.23 0.404446153846154
ENSG00000265788.1 1 0.23 0.404446153846154
ENSG00000266460.1 1 0.23 0.404446153846154
ENSG00000268575.1 1 0.23 0.404446153846154
ENSG00000270823.1 1 0.23 0.404446153846154
ENSG00000271335.1 1 0.23 0.404446153846154
ENSG00000272994.1 1 0.23 0.404446153846154
ENSG00000176734.3 1 0.24 0.409738610903659
ENSG00000180081.9 3 0.24 0.409738610903659
ENSG00000197558.7 3 0.24 0.409738610903659
ENSG00000215403.1 1 0.24 0.409738610903659
ENSG00000223764.2 1 0.24 0.409738610903659
ENSG00000223859.1 1 0.24 0.409738610903659
ENSG00000225028.1 1 0.24 0.409738610903659
ENSG00000225057.2 1 0.24 0.409738610903659
ENSG00000227400.2 1 0.24 0.409738610903659
ENSG00000228809.1 1 0.24 0.409738610903659
ENSG00000229042.2 2 0.24 0.409738610903659
ENSG00000229457.1 1 0.24 0.409738610903659
ENSG00000233684.2 1 0.24 0.409738610903659
ENSG00000233885.3 2 0.24 0.409738610903659
ENSG00000234072.1 1 0.24 0.409738610903659
ENSG00000235042.1 1 0.24 0.409738610903659
ENSG00000235565.1 1 0.24 0.409738610903659
ENSG00000236088.5 2 0.24 0.409738610903659
ENSG00000241832.1 1 0.24 0.409738610903659
ENSG00000243150.1 1 0.24 0.409738610903659
ENSG00000248810.1 2 0.24 0.409738610903659
ENSG00000248912.1 1 0.24 0.409738610903659
ENSG00000249430.1 1 0.24 0.409738610903659
ENSG00000250075.1 1 0.24 0.409738610903659
ENSG00000250903.4 4 0.24 0.409738610903659
ENSG00000251218.1 1 0.24 0.409738610903659
ENSG00000253584.1 1 0.24 0.409738610903659
ENSG00000255474.1 1 0.24 0.409738610903659
ENSG00000257191.1 1 0.24 0.409738610903659
ENSG00000258081.3 1 0.24 0.409738610903659
ENSG00000259895.1 1 0.24 0.409738610903659
ENSG00000261558.1 1 0.24 0.409738610903659
ENSG00000262079.1 1 0.24 0.409738610903659
ENSG00000265043.1 1 0.24 0.409738610903659
ENSG00000267598.1 1 0.24 0.409738610903659
ENSG00000267603.1 1 0.24 0.409738610903659
ENSG00000267655.1 1 0.24 0.409738610903659
ENSG00000272989.1 1 0.24 0.409738610903659
ENSG00000273015.1 1 0.24 0.409738610903659
ENSG00000188693.7 2 0.25 0.41745799853908
ENSG00000225684.3 1 0.25 0.41745799853908
ENSG00000225946.1 1 0.25 0.41745799853908
ENSG00000226167.1 1 0.25 0.41745799853908
ENSG00000226816.2 1 0.25 0.41745799853908
ENSG00000227128.3 2 0.25 0.41745799853908
ENSG00000227555.1 1 0.25 0.41745799853908
ENSG00000231383.2 1 0.25 0.41745799853908
ENSG00000231794.3 1 0.25 0.41745799853908
ENSG00000232233.1 1 0.25 0.41745799853908
ENSG00000233485.1 1 0.25 0.41745799853908
ENSG00000236304.1 1 0.25 0.41745799853908
ENSG00000236922.5 2 0.25 0.41745799853908
ENSG00000237484.5 3 0.25 0.41745799853908
ENSG00000242242.1 1 0.25 0.41745799853908
ENSG00000246228.2 1 0.25 0.41745799853908
ENSG00000247708.3 2 0.25 0.41745799853908
ENSG00000247877.2 1 0.25 0.41745799853908
ENSG00000249196.2 1 0.25 0.41745799853908
ENSG00000250670.1 1 0.25 0.41745799853908
ENSG00000250887.1 1 0.25 0.41745799853908
ENSG00000253636.1 1 0.25 0.41745799853908
ENSG00000257771.1 2 0.25 0.41745799853908
ENSG00000258725.1 1 0.25 0.41745799853908
ENSG00000261257.1 1 0.25 0.41745799853908
ENSG00000263096.1 1 0.25 0.41745799853908
ENSG00000266998.1 2 0.25 0.41745799853908
ENSG00000270605.1 1 0.25 0.41745799853908
ENSG00000272692.1 1 0.25 0.41745799853908
ENSG00000272908.1 1 0.25 0.41745799853908
ENSG00000179818.9 4 0.26 0.425150214592275
ENSG00000185847.3 1 0.26 0.425150214592275
ENSG00000203499.6 1 0.26 0.425150214592275
ENSG00000224614.1 1 0.26 0.425150214592275
ENSG00000226101.1 1 0.26 0.425150214592275
ENSG00000227764.1 1 0.26 0.425150214592275
ENSG00000231304.1 1 0.26 0.425150214592275
ENSG00000232046.2 1 0.26 0.425150214592275
ENSG00000233718.1 1 0.26 0.425150214592275
ENSG00000234546.2 1 0.26 0.425150214592275
ENSG00000236581.4 1 0.26 0.425150214592275
ENSG00000244926.2 1 0.26 0.425150214592275
ENSG00000248429.1 2 0.26 0.425150214592275
ENSG00000249604.1 1 0.26 0.425150214592275
ENSG00000249662.1 1 0.26 0.425150214592275
ENSG00000250490.1 2 0.26 0.425150214592275
ENSG00000254554.1 1 0.26 0.425150214592275
ENSG00000255389.1 1 0.26 0.425150214592275
ENSG00000256560.1 1 0.26 0.425150214592275
ENSG00000257522.1 1 0.26 0.425150214592275
ENSG00000258422.1 1 0.26 0.425150214592275
ENSG00000259703.1 1 0.26 0.425150214592275
ENSG00000260977.1 1 0.26 0.425150214592275
ENSG00000261213.1 1 0.26 0.425150214592275
ENSG00000261432.1 1 0.26 0.425150214592275
ENSG00000267383.2 2 0.26 0.425150214592275
ENSG00000268362.1 1 0.26 0.425150214592275
ENSG00000272899.1 1 0.26 0.425150214592275
ENSG00000273284.1 1 0.26 0.425150214592275
ENSG00000204241.3 2 0.27 0.434356087262491
ENSG00000228189.4 1 0.27 0.434356087262491
ENSG00000231731.3 1 0.27 0.434356087262491
ENSG00000232170.1 1 0.27 0.434356087262491
ENSG00000234859.1 2 0.27 0.434356087262491
ENSG00000235026.1 1 0.27 0.434356087262491
ENSG00000235106.4 1 0.27 0.434356087262491
ENSG00000237380.2 1 0.27 0.434356087262491
ENSG00000241696.1 1 0.27 0.434356087262491
ENSG00000245067.2 1 0.27 0.434356087262491
ENSG00000249797.1 1 0.27 0.434356087262491
ENSG00000251370.1 1 0.27 0.434356087262491
ENSG00000251511.1 1 0.27 0.434356087262491
ENSG00000254433.1 1 0.27 0.434356087262491
ENSG00000258274.1 1 0.27 0.434356087262491
ENSG00000259326.1 1 0.27 0.434356087262491
ENSG00000260398.1 3 0.27 0.434356087262491
ENSG00000260715.1 1 0.27 0.434356087262491
ENSG00000266402.2 1 0.27 0.434356087262491
ENSG00000269923.1 1 0.27 0.434356087262491
ENSG00000271359.1 1 0.27 0.434356087262491
ENSG00000272008.1 1 0.27 0.434356087262491
ENSG00000273270.1 2 0.27 0.434356087262491
ENSG00000177640.11 4 0.28 0.442961937716263
ENSG00000177993.3 1 0.28 0.442961937716263
ENSG00000179219.5 1 0.28 0.442961937716263
ENSG00000203645.2 1 0.28 0.442961937716263
ENSG00000203999.4 1 0.28 0.442961937716263
ENSG00000205890.3 1 0.28 0.442961937716263
ENSG00000224008.1 2 0.28 0.442961937716263
ENSG00000224187.1 1 0.28 0.442961937716263
ENSG00000224888.3 1 0.28 0.442961937716263
ENSG00000229807.5 6 0.28 0.442961937716263
ENSG00000234432.3 1 0.28 0.442961937716263
ENSG00000248279.1 1 0.28 0.442961937716263
ENSG00000248508.2 1 0.28 0.442961937716263
ENSG00000249001.1 1 0.28 0.442961937716263
ENSG00000250754.1 1 0.28 0.442961937716263
ENSG00000253187.2 1 0.28 0.442961937716263
ENSG00000253549.1 1 0.28 0.442961937716263
ENSG00000255512.1 1 0.28 0.442961937716263
ENSG00000256146.1 1 0.28 0.442961937716263
ENSG00000259225.2 1 0.28 0.442961937716263
ENSG00000259905.1 2 0.28 0.442961937716263
ENSG00000260506.1 1 0.28 0.442961937716263
ENSG00000267163.1 1 0.28 0.442961937716263
ENSG00000270673.1 1 0.28 0.442961937716263
ENSG00000188185.7 1 0.29 0.449450847457627
ENSG00000197989.9 1 0.29 0.449450847457627
ENSG00000203650.3 1 0.29 0.449450847457627
ENSG00000205611.3 1 0.29 0.449450847457627
ENSG00000215244.2 1 0.29 0.449450847457627
ENSG00000223823.1 1 0.29 0.449450847457627
ENSG00000225942.1 1 0.29 0.449450847457627
ENSG00000226137.3 1 0.29 0.449450847457627
ENSG00000226686.3 1 0.29 0.449450847457627
ENSG00000228141.2 1 0.29 0.449450847457627
ENSG00000228971.2 1 0.29 0.449450847457627
ENSG00000232633.3 2 0.29 0.449450847457627
ENSG00000232821.1 1 0.29 0.449450847457627
ENSG00000235903.3 1 0.29 0.449450847457627
ENSG00000237232.3 1 0.29 0.449450847457627
ENSG00000238290.1 1 0.29 0.449450847457627
ENSG00000239454.1 1 0.29 0.449450847457627
ENSG00000244791.2 1 0.29 0.449450847457627
ENSG00000245729.1 1 0.29 0.449450847457627
ENSG00000251033.1 1 0.29 0.449450847457627
ENSG00000253656.1 1 0.29 0.449450847457627
ENSG00000258183.1 1 0.29 0.449450847457627
ENSG00000260633.1 1 0.29 0.449450847457627
ENSG00000262412.1 1 0.29 0.449450847457627
ENSG00000264490.2 1 0.29 0.449450847457627
ENSG00000267432.1 1 0.29 0.449450847457627
ENSG00000267886.1 1 0.29 0.449450847457627
ENSG00000272077.1 1 0.29 0.449450847457627
ENSG00000272377.1 1 0.29 0.449450847457627
ENSG00000273311.1 1 0.29 0.449450847457627
ENSG00000180458.2 3 0.3 0.455076310550763
ENSG00000197251.3 1 0.3 0.455076310550763
ENSG00000213373.3 1 0.3 0.455076310550763
ENSG00000214145.2 1 0.3 0.455076310550763
ENSG00000226122.1 1 0.3 0.455076310550763
ENSG00000226482.1 1 0.3 0.455076310550763
ENSG00000228223.1 1 0.3 0.455076310550763
ENSG00000230563.2 1 0.3 0.455076310550763
ENSG00000232057.1 2 0.3 0.455076310550763
ENSG00000232564.1 1 0.3 0.455076310550763
ENSG00000236030.1 1 0.3 0.455076310550763
ENSG00000237654.1 2 0.3 0.455076310550763
ENSG00000240893.1 1 0.3 0.455076310550763
ENSG00000243107.1 1 0.3 0.455076310550763
ENSG00000246250.2 1 0.3 0.455076310550763
ENSG00000248456.1 1 0.3 0.455076310550763
ENSG00000249830.1 1 0.3 0.455076310550763
ENSG00000251011.1 1 0.3 0.455076310550763
ENSG00000251023.1 1 0.3 0.455076310550763
ENSG00000251538.1 1 0.3 0.455076310550763
ENSG00000253314.1 1 0.3 0.455076310550763
ENSG00000253741.1 2 0.3 0.455076310550763
ENSG00000257259.1 1 0.3 0.455076310550763
ENSG00000258476.1 1 0.3 0.455076310550763
ENSG00000259172.1 1 0.3 0.455076310550763
ENSG00000260987.1 1 0.3 0.455076310550763
ENSG00000261634.2 1 0.3 0.455076310550763
ENSG00000261863.1 1 0.3 0.455076310550763
ENSG00000262884.1 1 0.3 0.455076310550763
ENSG00000263320.1 1 0.3 0.455076310550763
ENSG00000272235.1 1 0.3 0.455076310550763
ENSG00000272975.1 1 0.3 0.455076310550763
ENSG00000223727.2 1 0.31 0.4613671875
ENSG00000225383.2 1 0.31 0.4613671875
ENSG00000225493.1 1 0.31 0.4613671875
ENSG00000226031.1 1 0.31 0.4613671875
ENSG00000229127.1 1 0.31 0.4613671875
ENSG00000230864.1 1 0.31 0.4613671875
ENSG00000231154.1 1 0.31 0.4613671875
ENSG00000231252.1 1 0.31 0.4613671875
ENSG00000235560.3 1 0.31 0.4613671875
ENSG00000237101.1 1 0.31 0.4613671875
ENSG00000237990.2 1 0.31 0.4613671875
ENSG00000251504.1 1 0.31 0.4613671875
ENSG00000253434.1 1 0.31 0.4613671875
ENSG00000254008.1 1 0.31 0.4613671875
ENSG00000254300.1 1 0.31 0.4613671875
ENSG00000259356.1 1 0.31 0.4613671875
ENSG00000260359.1 1 0.31 0.4613671875
ENSG00000260455.1 1 0.31 0.4613671875
ENSG00000261054.1 1 0.31 0.4613671875
ENSG00000261250.1 1 0.31 0.4613671875
ENSG00000261329.1 1 0.31 0.4613671875
ENSG00000261446.1 2 0.31 0.4613671875
ENSG00000265500.1 1 0.31 0.4613671875
ENSG00000269821.1 10 0.31 0.4613671875
ENSG00000271980.1 1 0.31 0.4613671875
ENSG00000272054.1 1 0.31 0.4613671875
ENSG00000272610.1 1 0.31 0.4613671875
ENSG00000273032.1 1 0.31 0.4613671875
ENSG00000273344.1 1 0.31 0.4613671875
ENSG00000189238.4 2 0.32 0.468023032629559
ENSG00000224017.1 1 0.32 0.468023032629559
ENSG00000224209.2 1 0.32 0.468023032629559
ENSG00000224286.1 1 0.32 0.468023032629559
ENSG00000224294.1 1 0.32 0.468023032629559
ENSG00000225733.1 1 0.32 0.468023032629559
ENSG00000233379.1 1 0.32 0.468023032629559
ENSG00000234773.2 1 0.32 0.468023032629559
ENSG00000235111.1 1 0.32 0.468023032629559
ENSG00000235532.1 1 0.32 0.468023032629559
ENSG00000235831.2 1 0.32 0.468023032629559
ENSG00000236301.4 1 0.32 0.468023032629559
ENSG00000249641.2 1 0.32 0.468023032629559
ENSG00000250508.1 1 0.32 0.468023032629559
ENSG00000251350.1 2 0.32 0.468023032629559
ENSG00000258168.1 1 0.32 0.468023032629559
ENSG00000259901.1 1 0.32 0.468023032629559
ENSG00000260509.2 1 0.32 0.468023032629559
ENSG00000261211.1 1 0.32 0.468023032629559
ENSG00000261460.1 1 0.32 0.468023032629559
ENSG00000264630.1 1 0.32 0.468023032629559
ENSG00000264707.1 1 0.32 0.468023032629559
ENSG00000266896.1 1 0.32 0.468023032629559
ENSG00000266988.1 1 0.32 0.468023032629559
ENSG00000267549.1 1 0.32 0.468023032629559
ENSG00000269050.1 1 0.32 0.468023032629559
ENSG00000272198.1 1 0.32 0.468023032629559
ENSG00000175699.8 1 0.33 0.474154619736015
ENSG00000223528.3 1 0.33 0.474154619736015
ENSG00000223561.2 1 0.33 0.474154619736015
ENSG00000225140.1 1 0.33 0.474154619736015
ENSG00000225588.2 1 0.33 0.474154619736015
ENSG00000226194.1 1 0.33 0.474154619736015
ENSG00000226484.2 1 0.33 0.474154619736015
ENSG00000228214.2 1 0.33 0.474154619736015
ENSG00000228486.5 2 0.33 0.474154619736015
ENSG00000229950.1 1 0.33 0.474154619736015
ENSG00000231683.2 1 0.33 0.474154619736015
ENSG00000232907.3 1 0.33 0.474154619736015
ENSG00000233532.1 1 0.33 0.474154619736015
ENSG00000235070.3 1 0.33 0.474154619736015
ENSG00000235621.4 1 0.33 0.474154619736015
ENSG00000235823.1 1 0.33 0.474154619736015
ENSG00000235852.1 1 0.33 0.474154619736015
ENSG00000237037.5 1 0.33 0.474154619736015
ENSG00000244227.1 1 0.33 0.474154619736015
ENSG00000254587.1 1 0.33 0.474154619736015
ENSG00000255980.1 1 0.33 0.474154619736015
ENSG00000257495.1 1 0.33 0.474154619736015
ENSG00000260645.1 1 0.33 0.474154619736015
ENSG00000260943.1 1 0.33 0.474154619736015
ENSG00000261504.1 1 0.33 0.474154619736015
ENSG00000261800.1 1 0.33 0.474154619736015
ENSG00000268686.1 2 0.33 0.474154619736015
ENSG00000272732.1 1 0.33 0.474154619736015
ENSG00000204832.5 1 0.34 0.481263157894737
ENSG00000213279.2 1 0.34 0.481263157894737
ENSG00000214353.3 1 0.34 0.481263157894737
ENSG00000226567.1 1 0.34 0.481263157894737
ENSG00000231532.1 2 0.34 0.481263157894737
ENSG00000233215.1 1 0.34 0.481263157894737
ENSG00000233878.1 1 0.34 0.481263157894737
ENSG00000236340.1 1 0.34 0.481263157894737
ENSG00000243319.3 1 0.34 0.481263157894737
ENSG00000246130.1 1 0.34 0.481263157894737
ENSG00000247287.2 1 0.34 0.481263157894737
ENSG00000254027.1 1 0.34 0.481263157894737
ENSG00000255193.1 1 0.34 0.481263157894737
ENSG00000256462.1 1 0.34 0.481263157894737
ENSG00000260101.1 1 0.34 0.481263157894737
ENSG00000260930.1 1 0.34 0.481263157894737
ENSG00000261076.1 1 0.34 0.481263157894737
ENSG00000261156.2 1 0.34 0.481263157894737
ENSG00000261534.1 2 0.34 0.481263157894737
ENSG00000264151.1 1 0.34 0.481263157894737
ENSG00000265579.1 1 0.34 0.481263157894737
ENSG00000268205.1 3 0.34 0.481263157894737
ENSG00000272933.1 1 0.34 0.481263157894737
ENSG00000272980.1 1 0.34 0.481263157894737
ENSG00000005206.12 2 0.35 0.487568555758684
ENSG00000215869.3 1 0.35 0.487568555758684
ENSG00000224506.2 1 0.35 0.487568555758684
ENSG00000224905.2 1 0.35 0.487568555758684
ENSG00000226486.1 1 0.35 0.487568555758684
ENSG00000226828.1 1 0.35 0.487568555758684
ENSG00000227418.2 1 0.35 0.487568555758684
ENSG00000228215.2 1 0.35 0.487568555758684
ENSG00000232100.1 1 0.35 0.487568555758684
ENSG00000233101.6 1 0.35 0.487568555758684
ENSG00000234684.2 1 0.35 0.487568555758684
ENSG00000236255.1 2 0.35 0.487568555758684
ENSG00000236372.1 1 0.35 0.487568555758684
ENSG00000241956.5 3 0.35 0.487568555758684
ENSG00000247213.2 1 0.35 0.487568555758684
ENSG00000248698.1 1 0.35 0.487568555758684
ENSG00000249584.1 1 0.35 0.487568555758684
ENSG00000250131.1 1 0.35 0.487568555758684
ENSG00000253479.1 1 0.35 0.487568555758684
ENSG00000254602.1 1 0.35 0.487568555758684
ENSG00000256321.1 1 0.35 0.487568555758684
ENSG00000260855.1 1 0.35 0.487568555758684
ENSG00000261641.2 1 0.35 0.487568555758684
ENSG00000268592.2 1 0.35 0.487568555758684
ENSG00000271474.1 2 0.35 0.487568555758684
ENSG00000272463.1 1 0.35 0.487568555758684
ENSG00000157152.12 2 0.36 0.49695652173913
ENSG00000203849.6 1 0.36 0.49695652173913
ENSG00000207955.2 1 0.36 0.49695652173913
ENSG00000225127.2 1 0.36 0.49695652173913
ENSG00000225595.2 1 0.36 0.49695652173913
ENSG00000227165.3 1 0.36 0.49695652173913
ENSG00000227354.2 1 0.36 0.49695652173913
ENSG00000230894.1 2 0.36 0.49695652173913
ENSG00000242094.1 1 0.36 0.49695652173913
ENSG00000248809.1 1 0.36 0.49695652173913
ENSG00000250033.1 2 0.36 0.49695652173913
ENSG00000260763.1 3 0.36 0.49695652173913
ENSG00000261467.2 1 0.36 0.49695652173913
ENSG00000267342.1 1 0.36 0.49695652173913
ENSG00000271382.1 1 0.36 0.49695652173913
ENSG00000115934.11 1 0.37 0.501672597864769
ENSG00000174171.4 1 0.37 0.501672597864769
ENSG00000178947.8 2 0.37 0.501672597864769
ENSG00000204460.3 1 0.37 0.501672597864769
ENSG00000206062.4 1 0.37 0.501672597864769
ENSG00000224714.2 1 0.37 0.501672597864769
ENSG00000224812.2 1 0.37 0.501672597864769
ENSG00000224934.2 1 0.37 0.501672597864769
ENSG00000226159.1 1 0.37 0.501672597864769
ENSG00000229243.1 1 0.37 0.501672597864769
ENSG00000230023.2 1 0.37 0.501672597864769
ENSG00000232900.1 1 0.37 0.501672597864769
ENSG00000234034.1 1 0.37 0.501672597864769
ENSG00000234962.1 1 0.37 0.501672597864769
ENSG00000236144.2 1 0.37 0.501672597864769
ENSG00000236432.3 1 0.37 0.501672597864769
ENSG00000246350.1 2 0.37 0.501672597864769
ENSG00000247595.2 1 0.37 0.501672597864769
ENSG00000248150.1 1 0.37 0.501672597864769
ENSG00000248329.1 1 0.37 0.501672597864769
ENSG00000254718.2 1 0.37 0.501672597864769
ENSG00000258593.2 1 0.37 0.501672597864769
ENSG00000259886.1 1 0.37 0.501672597864769
ENSG00000260896.1 1 0.37 0.501672597864769
ENSG00000261033.1 1 0.37 0.501672597864769
ENSG00000266213.1 1 0.37 0.501672597864769
ENSG00000268460.1 2 0.37 0.501672597864769
ENSG00000270574.1 1 0.37 0.501672597864769
ENSG00000272269.1 1 0.37 0.501672597864769
ENSG00000273081.1 1 0.37 0.501672597864769
ENSG00000110347.7 1 0.38 0.506223776223776
ENSG00000172965.10 1 0.38 0.506223776223776
ENSG00000223486.1 1 0.38 0.506223776223776
ENSG00000223843.3 1 0.38 0.506223776223776
ENSG00000225791.2 1 0.38 0.506223776223776
ENSG00000226574.1 1 0.38 0.506223776223776
ENSG00000226604.2 1 0.38 0.506223776223776
ENSG00000226950.2 1 0.38 0.506223776223776
ENSG00000227533.1 1 0.38 0.506223776223776
ENSG00000230133.1 1 0.38 0.506223776223776
ENSG00000235257.4 1 0.38 0.506223776223776
ENSG00000235774.1 1 0.38 0.506223776223776
ENSG00000236986.2 1 0.38 0.506223776223776
ENSG00000239653.1 1 0.38 0.506223776223776
ENSG00000240875.1 1 0.38 0.506223776223776
ENSG00000245832.2 1 0.38 0.506223776223776
ENSG00000247157.2 1 0.38 0.506223776223776
ENSG00000249364.1 1 0.38 0.506223776223776
ENSG00000249673.2 2 0.38 0.506223776223776
ENSG00000250406.1 1 0.38 0.506223776223776
ENSG00000255234.1 1 0.38 0.506223776223776
ENSG00000258497.1 1 0.38 0.506223776223776
ENSG00000259690.1 1 0.38 0.506223776223776
ENSG00000260114.1 1 0.38 0.506223776223776
ENSG00000261019.1 1 0.38 0.506223776223776
ENSG00000261335.1 1 0.38 0.506223776223776
ENSG00000267466.1 1 0.38 0.506223776223776
ENSG00000270661.1 1 0.38 0.506223776223776
ENSG00000272381.1 1 0.38 0.506223776223776
ENSG00000272501.1 1 0.38 0.506223776223776
ENSG00000012171.13 1 0.39 0.514152249134948
ENSG00000142396.6 1 0.39 0.514152249134948
ENSG00000145063.10 1 0.39 0.514152249134948
ENSG00000229494.1 1 0.39 0.514152249134948
ENSG00000229619.3 2 0.39 0.514152249134948
ENSG00000234722.3 2 0.39 0.514152249134948
ENSG00000236383.3 1 0.39 0.514152249134948
ENSG00000237667.1 1 0.39 0.514152249134948
ENSG00000249628.2 1 0.39 0.514152249134948
ENSG00000249781.2 1 0.39 0.514152249134948
ENSG00000253614.1 1 0.39 0.514152249134948
ENSG00000254389.2 1 0.39 0.514152249134948
ENSG00000258738.1 1 0.39 0.514152249134948
ENSG00000259150.1 1 0.39 0.514152249134948
ENSG00000259954.1 1 0.39 0.514152249134948
ENSG00000267452.1 1 0.39 0.514152249134948
ENSG00000269834.1 1 0.39 0.514152249134948
ENSG00000273189.1 1 0.39 0.514152249134948
ENSG00000117242.7 1 0.4 0.518661372660238
ENSG00000177406.4 1 0.4 0.518661372660238
ENSG00000197503.4 1 0.4 0.518661372660238
ENSG00000224660.1 2 0.4 0.518661372660238
ENSG00000224718.1 1 0.4 0.518661372660238
ENSG00000226266.2 1 0.4 0.518661372660238
ENSG00000226792.2 1 0.4 0.518661372660238
ENSG00000227811.2 1 0.4 0.518661372660238
ENSG00000229051.1 1 0.4 0.518661372660238
ENSG00000232860.3 1 0.4 0.518661372660238
ENSG00000234899.5 2 0.4 0.518661372660238
ENSG00000237638.1 1 0.4 0.518661372660238
ENSG00000237943.2 1 0.4 0.518661372660238
ENSG00000242258.1 1 0.4 0.518661372660238
ENSG00000246820.2 1 0.4 0.518661372660238
ENSG00000247809.3 1 0.4 0.518661372660238
ENSG00000247950.2 1 0.4 0.518661372660238
ENSG00000249873.2 1 0.4 0.518661372660238
ENSG00000251165.1 1 0.4 0.518661372660238
ENSG00000256943.1 1 0.4 0.518661372660238
ENSG00000259541.1 1 0.4 0.518661372660238
ENSG00000259555.1 1 0.4 0.518661372660238
ENSG00000260766.1 1 0.4 0.518661372660238
ENSG00000261251.1 1 0.4 0.518661372660238
ENSG00000263069.1 1 0.4 0.518661372660238
ENSG00000267254.1 1 0.4 0.518661372660238
ENSG00000270547.1 1 0.4 0.518661372660238
ENSG00000270641.1 9 0.4 0.518661372660238
ENSG00000273000.1 1 0.4 0.518661372660238
ENSG00000179406.6 2 0.41 0.524487968662563
ENSG00000185433.4 1 0.41 0.524487968662563
ENSG00000205231.1 1 0.41 0.524487968662563
ENSG00000226620.3 1 0.41 0.524487968662563
ENSG00000230223.2 1 0.41 0.524487968662563
ENSG00000232079.2 1 0.41 0.524487968662563
ENSG00000234913.1 1 0.41 0.524487968662563
ENSG00000235881.2 1 0.41 0.524487968662563
ENSG00000241472.2 1 0.41 0.524487968662563
ENSG00000248210.1 1 0.41 0.524487968662563
ENSG00000251536.2 1 0.41 0.524487968662563
ENSG00000257060.2 1 0.41 0.524487968662563
ENSG00000259198.1 1 0.41 0.524487968662563
ENSG00000259362.2 1 0.41 0.524487968662563
ENSG00000259881.1 1 0.41 0.524487968662563
ENSG00000259915.1 1 0.41 0.524487968662563
ENSG00000260239.1 1 0.41 0.524487968662563
ENSG00000260482.1 1 0.41 0.524487968662563
ENSG00000260630.2 1 0.41 0.524487968662563
ENSG00000261606.1 2 0.41 0.524487968662563
ENSG00000261758.1 1 0.41 0.524487968662563
ENSG00000265843.2 1 0.41 0.524487968662563
ENSG00000272205.1 1 0.41 0.524487968662563
ENSG00000272780.1 1 0.41 0.524487968662563
ENSG00000226125.1 1 0.42 0.533103831204886
ENSG00000226673.1 1 0.42 0.533103831204886
ENSG00000227145.1 1 0.42 0.533103831204886
ENSG00000228140.1 1 0.42 0.533103831204886
ENSG00000228791.3 1 0.42 0.533103831204886
ENSG00000233048.1 1 0.42 0.533103831204886
ENSG00000235615.2 1 0.42 0.533103831204886
ENSG00000248529.1 1 0.42 0.533103831204886
ENSG00000251249.1 1 0.42 0.533103831204886
ENSG00000255182.1 1 0.42 0.533103831204886
ENSG00000263823.1 1 0.42 0.533103831204886
ENSG00000264515.1 2 0.42 0.533103831204886
ENSG00000264596.1 1 0.42 0.533103831204886
ENSG00000272168.1 4 0.42 0.533103831204886
ENSG00000163597.10 1 0.43 0.539506037321624
ENSG00000180846.4 1 0.43 0.539506037321624
ENSG00000196273.3 1 0.43 0.539506037321624
ENSG00000223855.1 1 0.43 0.539506037321624
ENSG00000230091.2 1 0.43 0.539506037321624
ENSG00000231609.1 1 0.43 0.539506037321624
ENSG00000234255.4 1 0.43 0.539506037321624
ENSG00000237517.4 2 0.43 0.539506037321624
ENSG00000245571.2 1 0.43 0.539506037321624
ENSG00000248019.2 1 0.43 0.539506037321624
ENSG00000249500.1 1 0.43 0.539506037321624
ENSG00000250303.2 1 0.43 0.539506037321624
ENSG00000257151.1 2 0.43 0.539506037321624
ENSG00000258768.2 1 0.43 0.539506037321624
ENSG00000260073.1 2 0.43 0.539506037321624
ENSG00000260769.1 1 0.43 0.539506037321624
ENSG00000260837.1 1 0.43 0.539506037321624
ENSG00000260840.1 1 0.43 0.539506037321624
ENSG00000261194.1 1 0.43 0.539506037321624
ENSG00000266885.1 3 0.43 0.539506037321624
ENSG00000267397.1 1 0.43 0.539506037321624
ENSG00000188971.4 3 0.44 0.546058631921824
ENSG00000205628.2 2 0.44 0.546058631921824
ENSG00000226803.3 1 0.44 0.546058631921824
ENSG00000227508.2 1 0.44 0.546058631921824
ENSG00000229180.4 2 0.44 0.546058631921824
ENSG00000232667.5 1 0.44 0.546058631921824
ENSG00000233058.1 1 0.44 0.546058631921824
ENSG00000241328.1 1 0.44 0.546058631921824
ENSG00000247095.2 1 0.44 0.546058631921824
ENSG00000250069.1 1 0.44 0.546058631921824
ENSG00000254290.1 1 0.44 0.546058631921824
ENSG00000255178.1 1 0.44 0.546058631921824
ENSG00000259818.1 1 0.44 0.546058631921824
ENSG00000259849.1 1 0.44 0.546058631921824
ENSG00000260913.1 1 0.44 0.546058631921824
ENSG00000261296.1 1 0.44 0.546058631921824
ENSG00000261437.1 1 0.44 0.546058631921824
ENSG00000261795.1 1 0.44 0.546058631921824
ENSG00000271776.1 1 0.44 0.546058631921824
ENSG00000272384.1 1 0.44 0.546058631921824
ENSG00000178977.3 1 0.45 0.551286173633441
ENSG00000179136.2 1 0.45 0.551286173633441
ENSG00000212766.5 1 0.45 0.551286173633441
ENSG00000214851.4 1 0.45 0.551286173633441
ENSG00000215256.3 1 0.45 0.551286173633441
ENSG00000224713.3 1 0.45 0.551286173633441
ENSG00000226627.1 1 0.45 0.551286173633441
ENSG00000230448.1 2 0.45 0.551286173633441
ENSG00000233061.1 1 0.45 0.551286173633441
ENSG00000233642.1 1 0.45 0.551286173633441
ENSG00000234352.5 3 0.45 0.551286173633441
ENSG00000234690.2 1 0.45 0.551286173633441
ENSG00000235997.2 1 0.45 0.551286173633441
ENSG00000236445.2 1 0.45 0.551286173633441
ENSG00000237126.4 1 0.45 0.551286173633441
ENSG00000237742.2 1 0.45 0.551286173633441
ENSG00000244464.1 1 0.45 0.551286173633441
ENSG00000248118.1 2 0.45 0.551286173633441
ENSG00000257225.1 1 0.45 0.551286173633441
ENSG00000259008.1 1 0.45 0.551286173633441
ENSG00000260682.2 1 0.45 0.551286173633441
ENSG00000261520.1 1 0.45 0.551286173633441
ENSG00000262681.2 1 0.45 0.551286173633441
ENSG00000269653.1 1 0.45 0.551286173633441
ENSG00000093100.13 1 0.46 0.559936102236422
ENSG00000238121.1 1 0.46 0.559936102236422
ENSG00000242687.2 1 0.46 0.559936102236422
ENSG00000245498.2 1 0.46 0.559936102236422
ENSG00000251095.2 1 0.46 0.559936102236422
ENSG00000258909.1 1 0.46 0.559936102236422
ENSG00000260006.1 1 0.46 0.559936102236422
ENSG00000261542.1 1 0.46 0.559936102236422
ENSG00000267750.1 2 0.46 0.559936102236422
ENSG00000268001.1 1 0.46 0.559936102236422
ENSG00000268516.1 1 0.46 0.559936102236422
ENSG00000271167.1 1 0.46 0.559936102236422
ENSG00000219665.4 1 0.47 0.56727560718057
ENSG00000224743.2 1 0.47 0.56727560718057
ENSG00000231674.1 1 0.47 0.56727560718057
ENSG00000234771.2 1 0.47 0.56727560718057
ENSG00000235244.3 1 0.47 0.56727560718057
ENSG00000236049.1 1 0.47 0.56727560718057
ENSG00000250334.1 1 0.47 0.56727560718057
ENSG00000255248.2 2 0.47 0.56727560718057
ENSG00000257702.3 1 0.47 0.56727560718057
ENSG00000259168.1 1 0.47 0.56727560718057
ENSG00000259285.1 1 0.47 0.56727560718057
ENSG00000260390.1 1 0.47 0.56727560718057
ENSG00000260611.1 1 0.47 0.56727560718057
ENSG00000266527.1 1 0.47 0.56727560718057
ENSG00000266709.1 1 0.47 0.56727560718057
ENSG00000273290.1 1 0.47 0.56727560718057
ENSG00000205181.5 1 0.48 0.573591217982227
ENSG00000223749.3 1 0.48 0.573591217982227
ENSG00000224596.3 1 0.48 0.573591217982227
ENSG00000225138.3 1 0.48 0.573591217982227
ENSG00000225174.1 1 0.48 0.573591217982227
ENSG00000226026.1 1 0.48 0.573591217982227
ENSG00000227896.2 1 0.48 0.573591217982227
ENSG00000228203.2 1 0.48 0.573591217982227
ENSG00000234129.3 1 0.48 0.573591217982227
ENSG00000248908.1 1 0.48 0.573591217982227
ENSG00000250337.1 1 0.48 0.573591217982227
ENSG00000259370.1 1 0.48 0.573591217982227
ENSG00000260669.2 1 0.48 0.573591217982227
ENSG00000261129.1 1 0.48 0.573591217982227
ENSG00000261742.1 1 0.48 0.573591217982227
ENSG00000266371.1 1 0.48 0.573591217982227
ENSG00000266718.1 1 0.48 0.573591217982227
ENSG00000267532.2 1 0.48 0.573591217982227
ENSG00000271409.1 1 0.48 0.573591217982227
ENSG00000167117.4 2 0.49 0.580684292379471
ENSG00000212694.4 1 0.49 0.580684292379471
ENSG00000224149.1 1 0.49 0.580684292379471
ENSG00000224897.2 2 0.49 0.580684292379471
ENSG00000227954.2 1 0.49 0.580684292379471
ENSG00000233858.4 1 0.49 0.580684292379471
ENSG00000236673.1 1 0.49 0.580684292379471
ENSG00000245384.1 1 0.49 0.580684292379471
ENSG00000251567.1 1 0.49 0.580684292379471
ENSG00000254815.1 1 0.49 0.580684292379471
ENSG00000261166.1 1 0.49 0.580684292379471
ENSG00000261275.1 2 0.49 0.580684292379471
ENSG00000261642.1 2 0.49 0.580684292379471
ENSG00000271270.1 1 0.49 0.580684292379471
ENSG00000273033.1 1 0.49 0.580684292379471
ENSG00000273372.1 1 0.49 0.580684292379471
ENSG00000215196.4 1 0.5 0.58887171561051
ENSG00000225470.2 1 0.5 0.58887171561051
ENSG00000227007.1 2 0.5 0.58887171561051
ENSG00000228021.3 1 0.5 0.58887171561051
ENSG00000228065.6 2 0.5 0.58887171561051
ENSG00000229240.3 1 0.5 0.58887171561051
ENSG00000236393.1 1 0.5 0.58887171561051
ENSG00000248771.1 1 0.5 0.58887171561051
ENSG00000250371.1 1 0.5 0.58887171561051
ENSG00000255345.1 1 0.5 0.58887171561051
ENSG00000263412.1 1 0.5 0.58887171561051
ENSG00000269793.1 1 0.5 0.58887171561051
ENSG00000104725.9 1 0.51 0.595738375063873
ENSG00000197934.4 1 0.51 0.595738375063873
ENSG00000205837.3 1 0.51 0.595738375063873
ENSG00000206129.3 1 0.51 0.595738375063873
ENSG00000214922.5 1 0.51 0.595738375063873
ENSG00000215022.3 1 0.51 0.595738375063873
ENSG00000221817.5 1 0.51 0.595738375063873
ENSG00000226083.1 1 0.51 0.595738375063873
ENSG00000239828.2 1 0.51 0.595738375063873
ENSG00000241684.1 1 0.51 0.595738375063873
ENSG00000251138.2 1 0.51 0.595738375063873
ENSG00000251562.3 5 0.51 0.595738375063873
ENSG00000259854.1 1 0.51 0.595738375063873
ENSG00000270949.1 1 0.51 0.595738375063873
ENSG00000272005.1 1 0.51 0.595738375063873
ENSG00000273314.1 1 0.51 0.595738375063873
ENSG00000223949.2 1 0.52 0.60310502283105
ENSG00000224204.1 1 0.52 0.60310502283105
ENSG00000225361.3 1 0.52 0.60310502283105
ENSG00000232021.2 2 0.52 0.60310502283105
ENSG00000232593.2 1 0.52 0.60310502283105
ENSG00000237489.2 1 0.52 0.60310502283105
ENSG00000238755.3 1 0.52 0.60310502283105
ENSG00000245149.3 1 0.52 0.60310502283105
ENSG00000249346.2 1 0.52 0.60310502283105
ENSG00000250448.1 1 0.52 0.60310502283105
ENSG00000251152.1 1 0.52 0.60310502283105
ENSG00000256343.3 1 0.52 0.60310502283105
ENSG00000265413.1 1 0.52 0.60310502283105
ENSG00000267801.1 1 0.52 0.60310502283105
ENSG00000198547.4 1 0.53 0.610367758186398
ENSG00000224165.1 2 0.53 0.610367758186398
ENSG00000225670.3 1 0.53 0.610367758186398
ENSG00000228784.3 1 0.53 0.610367758186398
ENSG00000233086.3 1 0.53 0.610367758186398
ENSG00000236197.2 1 0.53 0.610367758186398
ENSG00000236901.3 2 0.53 0.610367758186398
ENSG00000238062.1 1 0.53 0.610367758186398
ENSG00000253734.1 1 0.53 0.610367758186398
ENSG00000259498.1 1 0.53 0.610367758186398
ENSG00000260322.1 1 0.53 0.610367758186398
ENSG00000263089.1 1 0.53 0.610367758186398
ENSG00000265933.1 1 0.53 0.610367758186398
ENSG00000268119.1 2 0.53 0.610367758186398
ENSG00000205054.2 1 0.54 0.619698795180723
ENSG00000237036.4 1 0.54 0.619698795180723
ENSG00000246430.2 1 0.54 0.619698795180723
ENSG00000247081.3 1 0.54 0.619698795180723
ENSG00000248510.2 1 0.54 0.619698795180723
ENSG00000253661.1 1 0.54 0.619698795180723
ENSG00000272046.1 2 0.54 0.619698795180723
ENSG00000183674.7 1 0.55 0.625522388059702
ENSG00000186019.10 1 0.55 0.625522388059702
ENSG00000214770.2 1 0.55 0.625522388059702
ENSG00000225546.1 1 0.55 0.625522388059702
ENSG00000229841.1 1 0.55 0.625522388059702
ENSG00000230426.1 1 0.55 0.625522388059702
ENSG00000232458.1 1 0.55 0.625522388059702
ENSG00000234787.3 1 0.55 0.625522388059702
ENSG00000237945.3 2 0.55 0.625522388059702
ENSG00000244879.3 1 0.55 0.625522388059702
ENSG00000245573.3 1 0.55 0.625522388059702
ENSG00000246100.3 1 0.55 0.625522388059702
ENSG00000258654.1 1 0.55 0.625522388059702
ENSG00000260551.1 1 0.55 0.625522388059702
ENSG00000261035.1 1 0.55 0.625522388059702
ENSG00000267199.1 1 0.55 0.625522388059702
ENSG00000267712.1 1 0.55 0.625522388059702
ENSG00000268895.1 1 0.55 0.625522388059702
ENSG00000203808.6 1 0.56 0.632177777777778
ENSG00000227036.2 2 0.56 0.632177777777778
ENSG00000229582.2 1 0.56 0.632177777777778
ENSG00000229867.1 1 0.56 0.632177777777778
ENSG00000230733.2 1 0.56 0.632177777777778
ENSG00000231711.2 1 0.56 0.632177777777778
ENSG00000233288.1 1 0.56 0.632177777777778
ENSG00000235989.3 1 0.56 0.632177777777778
ENSG00000248738.2 1 0.56 0.632177777777778
ENSG00000252690.2 1 0.56 0.632177777777778
ENSG00000256642.1 1 0.56 0.632177777777778
ENSG00000261623.1 1 0.56 0.632177777777778
ENSG00000261713.2 1 0.56 0.632177777777778
ENSG00000267313.2 1 0.56 0.632177777777778
ENSG00000267339.1 3 0.56 0.632177777777778
ENSG00000177738.3 1 0.57 0.635619512195122
ENSG00000204054.7 2 0.57 0.635619512195122
ENSG00000205293.3 1 0.57 0.635619512195122
ENSG00000216863.5 1 0.57 0.635619512195122
ENSG00000229688.3 1 0.57 0.635619512195122
ENSG00000231980.1 1 0.57 0.635619512195122
ENSG00000235023.1 1 0.57 0.635619512195122
ENSG00000249700.4 1 0.57 0.635619512195122
ENSG00000250626.2 1 0.57 0.635619512195122
ENSG00000250938.1 1 0.57 0.635619512195122
ENSG00000251364.2 1 0.57 0.635619512195122
ENSG00000253327.2 1 0.57 0.635619512195122
ENSG00000254139.1 1 0.57 0.635619512195122
ENSG00000254561.2 1 0.57 0.635619512195122
ENSG00000254896.1 1 0.57 0.635619512195122
ENSG00000260205.1 1 0.57 0.635619512195122
ENSG00000260802.1 1 0.57 0.635619512195122
ENSG00000261008.2 1 0.57 0.635619512195122
ENSG00000261761.2 1 0.57 0.635619512195122
ENSG00000261786.1 1 0.57 0.635619512195122
ENSG00000263327.2 1 0.57 0.635619512195122
ENSG00000266904.1 1 0.57 0.635619512195122
ENSG00000267325.1 1 0.57 0.635619512195122
ENSG00000267575.2 2 0.57 0.635619512195122
ENSG00000269486.1 1 0.57 0.635619512195122
ENSG00000234186.2 1 0.58 0.644256559766764
ENSG00000238057.4 1 0.58 0.644256559766764
ENSG00000248571.1 1 0.58 0.644256559766764
ENSG00000249717.1 1 0.58 0.644256559766764
ENSG00000250802.2 1 0.58 0.644256559766764
ENSG00000260676.1 1 0.58 0.644256559766764
ENSG00000264954.1 1 0.58 0.644256559766764
ENSG00000272631.1 1 0.58 0.644256559766764
ENSG00000231889.3 1 0.59 0.653459302325581
ENSG00000249917.2 1 0.59 0.653459302325581
ENSG00000257097.1 1 0.59 0.653459302325581
ENSG00000258377.1 1 0.59 0.653459302325581
ENSG00000259974.2 1 0.59 0.653459302325581
ENSG00000261645.1 1 0.59 0.653459302325581
ENSG00000170846.11 1 0.6 0.65974025974026
ENSG00000183535.5 1 0.6 0.65974025974026
ENSG00000203709.5 1 0.6 0.65974025974026
ENSG00000224184.1 1 0.6 0.65974025974026
ENSG00000231560.1 1 0.6 0.65974025974026
ENSG00000231638.1 1 0.6 0.65974025974026
ENSG00000231721.2 1 0.6 0.65974025974026
ENSG00000232190.2 1 0.6 0.65974025974026
ENSG00000247774.2 1 0.6 0.65974025974026
ENSG00000250954.1 1 0.6 0.65974025974026
ENSG00000256628.2 1 0.6 0.65974025974026
ENSG00000259891.1 1 0.6 0.65974025974026
ENSG00000260831.1 1 0.6 0.65974025974026
ENSG00000261360.1 1 0.6 0.65974025974026
ENSG00000263244.1 1 0.6 0.65974025974026
ENSG00000204466.5 2 0.61 0.668164829899377
ENSG00000224116.2 2 0.61 0.668164829899377
ENSG00000235703.1 1 0.61 0.668164829899377
ENSG00000235865.2 1 0.61 0.668164829899377
ENSG00000248872.1 1 0.61 0.668164829899377
ENSG00000260822.1 1 0.61 0.668164829899377
ENSG00000261801.1 1 0.61 0.668164829899377
ENSG00000267702.1 1 0.61 0.668164829899377
ENSG00000214870.4 1 0.62 0.675557673975215
ENSG00000231175.1 1 0.62 0.675557673975215
ENSG00000234377.3 3 0.62 0.675557673975215
ENSG00000237298.4 4 0.62 0.675557673975215
ENSG00000250546.1 1 0.62 0.675557673975215
ENSG00000259673.1 1 0.62 0.675557673975215
ENSG00000260523.1 1 0.62 0.675557673975215
ENSG00000261670.1 1 0.62 0.675557673975215
ENSG00000267287.1 1 0.62 0.675557673975215
ENSG00000271811.1 1 0.62 0.675557673975215
ENSG00000272796.1 1 0.62 0.675557673975215
ENSG00000006062.9 1 0.63 0.680936170212766
ENSG00000144596.7 1 0.63 0.680936170212766
ENSG00000226674.4 3 0.63 0.680936170212766
ENSG00000229214.1 1 0.63 0.680936170212766
ENSG00000231728.2 1 0.63 0.680936170212766
ENSG00000232732.5 1 0.63 0.680936170212766
ENSG00000233491.2 1 0.63 0.680936170212766
ENSG00000234456.3 3 0.63 0.680936170212766
ENSG00000236532.1 1 0.63 0.680936170212766
ENSG00000241014.1 1 0.63 0.680936170212766
ENSG00000249307.1 1 0.63 0.680936170212766
ENSG00000258661.1 1 0.63 0.680936170212766
ENSG00000261215.1 1 0.63 0.680936170212766
ENSG00000261324.2 2 0.63 0.680936170212766
ENSG00000261771.1 1 0.63 0.680936170212766
ENSG00000263547.1 1 0.63 0.680936170212766
ENSG00000268388.1 1 0.63 0.680936170212766
ENSG00000100181.17 2 0.64 0.687842031029619
ENSG00000223387.2 1 0.64 0.687842031029619
ENSG00000227953.2 1 0.64 0.687842031029619
ENSG00000233221.2 1 0.64 0.687842031029619
ENSG00000236172.2 2 0.64 0.687842031029619
ENSG00000243701.1 1 0.64 0.687842031029619
ENSG00000245937.3 1 0.64 0.687842031029619
ENSG00000247982.2 1 0.64 0.687842031029619
ENSG00000261037.1 1 0.64 0.687842031029619
ENSG00000262966.2 1 0.64 0.687842031029619
ENSG00000268416.1 1 0.64 0.687842031029619
ENSG00000269416.1 1 0.64 0.687842031029619
ENSG00000157306.10 1 0.65 0.696951219512195
ENSG00000175611.7 1 0.65 0.696951219512195
ENSG00000186526.8 1 0.65 0.696951219512195
ENSG00000228315.7 1 0.65 0.696951219512195
ENSG00000259439.1 1 0.65 0.696951219512195
ENSG00000229373.4 1 0.66 0.704041063929071
ENSG00000233593.2 1 0.66 0.704041063929071
ENSG00000237775.1 1 0.66 0.704041063929071
ENSG00000246090.2 1 0.66 0.704041063929071
ENSG00000248724.2 1 0.66 0.704041063929071
ENSG00000250748.2 1 0.66 0.704041063929071
ENSG00000250910.3 1 0.66 0.704041063929071
ENSG00000258441.1 1 0.66 0.704041063929071
ENSG00000260910.1 1 0.66 0.704041063929071
ENSG00000265179.2 1 0.66 0.704041063929071
ENSG00000267506.1 1 0.66 0.704041063929071
ENSG00000105663.10 3 0.67 0.71304469273743
ENSG00000177133.6 1 0.67 0.71304469273743
ENSG00000227517.2 1 0.67 0.71304469273743
ENSG00000245532.4 3 0.67 0.71304469273743
ENSG00000261254.1 1 0.67 0.71304469273743
ENSG00000088970.11 1 0.68 0.72100185528757
ENSG00000232855.2 1 0.68 0.72100185528757
ENSG00000235139.2 1 0.68 0.72100185528757
ENSG00000255036.1 1 0.68 0.72100185528757
ENSG00000259354.1 1 0.68 0.72100185528757
ENSG00000260108.1 1 0.68 0.72100185528757
ENSG00000261997.1 1 0.68 0.72100185528757
ENSG00000270332.1 2 0.68 0.72100185528757
ENSG00000224189.2 1 0.69 0.728900184842883
ENSG00000225206.4 1 0.69 0.728900184842883
ENSG00000227115.2 1 0.69 0.728900184842883
ENSG00000234177.1 1 0.69 0.728900184842883
ENSG00000260862.1 1 0.69 0.728900184842883
ENSG00000266795.2 1 0.69 0.728900184842883
ENSG00000267470.1 1 0.69 0.728900184842883
ENSG00000267665.1 1 0.69 0.728900184842883
ENSG00000214039.4 1 0.7 0.736740331491713
ENSG00000230124.2 1 0.7 0.736740331491713
ENSG00000234492.4 1 0.7 0.736740331491713
ENSG00000253706.1 1 0.7 0.736740331491713
ENSG00000254101.1 1 0.7 0.736740331491713
ENSG00000260249.2 1 0.7 0.736740331491713
ENSG00000261286.1 1 0.7 0.736740331491713
ENSG00000267784.1 1 0.7 0.736740331491713
ENSG00000213963.2 1 0.71 0.743159340659341
ENSG00000224078.8 10 0.71 0.743159340659341
ENSG00000225339.2 1 0.71 0.743159340659341
ENSG00000225564.2 1 0.71 0.743159340659341
ENSG00000225937.1 1 0.71 0.743159340659341
ENSG00000242759.2 1 0.71 0.743159340659341
ENSG00000250125.1 1 0.71 0.743159340659341
ENSG00000250493.2 1 0.71 0.743159340659341
ENSG00000253894.1 1 0.71 0.743159340659341
ENSG00000259176.1 1 0.71 0.743159340659341
ENSG00000260343.1 1 0.71 0.743159340659341
ENSG00000265555.1 1 0.71 0.743159340659341
ENSG00000135253.9 1 0.72 0.751561643835616
ENSG00000233073.1 1 0.72 0.751561643835616
ENSG00000237149.4 1 0.72 0.751561643835616
ENSG00000250312.2 1 0.72 0.751561643835616
ENSG00000259758.1 3 0.72 0.751561643835616
ENSG00000261578.1 1 0.72 0.751561643835616
ENSG00000187008.2 1 0.73 0.759226569608735
ENSG00000215458.4 1 0.73 0.759226569608735
ENSG00000226200.2 2 0.73 0.759226569608735
ENSG00000244968.2 1 0.73 0.759226569608735
ENSG00000246792.2 1 0.73 0.759226569608735
ENSG00000257167.2 1 0.73 0.759226569608735
ENSG00000259820.1 1 0.73 0.759226569608735
ENSG00000261924.1 1 0.73 0.759226569608735
ENSG00000255455.2 1 0.74 0.768577919127669
ENSG00000261067.2 1 0.74 0.768577919127669
ENSG00000267353.1 1 0.74 0.768577919127669
ENSG00000177853.10 1 0.75 0.777198549410698
ENSG00000235652.3 1 0.75 0.777198549410698
ENSG00000249375.3 1 0.75 0.777198549410698
ENSG00000267107.2 1 0.75 0.777198549410698
ENSG00000272734.1 1 0.75 0.777198549410698
ENSG00000118412.8 2 0.76 0.784715447154472
ENSG00000230461.4 1 0.76 0.784715447154472
ENSG00000234948.1 1 0.76 0.784715447154472
ENSG00000245552.2 1 0.76 0.784715447154472
ENSG00000261167.1 1 0.76 0.784715447154472
ENSG00000261770.1 1 0.76 0.784715447154472
ENSG00000272163.1 1 0.76 0.784715447154472
ENSG00000272888.1 1 0.76 0.784715447154472
ENSG00000197085.7 1 0.77 0.793964817320704
ENSG00000268230.1 1 0.77 0.793964817320704
ENSG00000271714.1 1 0.77 0.793964817320704
ENSG00000180769.4 1 0.78 0.801744604316547
ENSG00000182310.8 1 0.78 0.801744604316547
ENSG00000215386.6 1 0.78 0.801744604316547
ENSG00000233117.2 1 0.78 0.801744604316547
ENSG00000235158.1 1 0.78 0.801744604316547
ENSG00000235166.3 1 0.78 0.801744604316547
ENSG00000266290.1 1 0.78 0.801744604316547
ENSG00000196295.7 3 0.79 0.808750559785043
ENSG00000233452.2 1 0.79 0.808750559785043
ENSG00000234210.1 1 0.79 0.808750559785043
ENSG00000236467.3 1 0.79 0.808750559785043
ENSG00000241369.1 1 0.79 0.808750559785043
ENSG00000247556.2 2 0.79 0.808750559785043
ENSG00000253288.1 1 0.79 0.808750559785043
ENSG00000260807.2 1 0.79 0.808750559785043
ENSG00000268658.1 2 0.79 0.808750559785043
ENSG00000225783.2 1 0.8 0.818255033557047
ENSG00000229852.2 1 0.8 0.818255033557047
ENSG00000239219.2 1 0.81 0.827003126395712
ENSG00000248587.2 1 0.81 0.827003126395712
ENSG00000260034.1 2 0.81 0.827003126395712
ENSG00000268240.1 1 0.81 0.827003126395712
ENSG00000235597.1 1 0.82 0.835720017833259
ENSG00000244578.1 1 0.82 0.835720017833259
ENSG00000248339.1 1 0.82 0.835720017833259
ENSG00000267243.1 1 0.82 0.835720017833259
ENSG00000226688.2 1 0.83 0.843654957759004
ENSG00000231918.1 1 0.83 0.843654957759004
ENSG00000258754.3 1 0.83 0.843654957759004
ENSG00000261126.3 1 0.83 0.843654957759004
ENSG00000261517.1 1 0.83 0.843654957759004
ENSG00000267934.1 1 0.83 0.843654957759004
ENSG00000187621.10 1 0.84 0.851925465838509
ENSG00000196960.3 1 0.84 0.851925465838509
ENSG00000250208.2 1 0.84 0.851925465838509
ENSG00000250497.1 1 0.84 0.851925465838509
ENSG00000261020.1 1 0.84 0.851925465838509
ENSG00000205056.8 1 0.85 0.860159362549801
ENSG00000245904.2 1 0.85 0.860159362549801
ENSG00000253738.1 1 0.85 0.860159362549801
ENSG00000258548.1 1 0.85 0.860159362549801
ENSG00000264956.1 1 0.85 0.860159362549801
ENSG00000206573.4 1 0.86 0.868740609809987
ENSG00000224957.1 1 0.86 0.868740609809987
ENSG00000235954.2 2 0.86 0.868740609809987
ENSG00000267586.2 1 0.86 0.868740609809987
ENSG00000242086.4 1 0.87 0.876904761904762
ENSG00000260585.1 1 0.87 0.876904761904762
ENSG00000267629.2 1 0.87 0.876904761904762
ENSG00000270002.1 1 0.87 0.876904761904762
ENSG00000272620.1 1 0.87 0.876904761904762
ENSG00000231074.4 1 0.89 0.895878467635403
ENSG00000243766.3 1 0.89 0.895878467635403
ENSG00000267365.1 1 0.89 0.895878467635403
ENSG00000223704.1 1 0.9 0.904749340369393
ENSG00000260254.1 1 0.9 0.904749340369393
ENSG00000271533.1 1 0.9 0.904749340369393
ENSG00000261807.1 1 0.91 0.9144
ENSG00000229981.3 1 0.92 0.923230904302019
ENSG00000261177.1 1 0.92 0.923230904302019
ENSG00000266976.1 1 0.92 0.923230904302019
ENSG00000177822.3 1 0.94 0.940823117338004
ENSG00000225953.2 1 0.94 0.940823117338004
ENSG00000231419.2 1 0.94 0.940823117338004
ENSG00000233183.2 1 0.94 0.940823117338004
ENSG00000236824.1 1 0.94 0.940823117338004
ENSG00000272983.1 1 0.94 0.940823117338004
ENSG00000234616.4 1 0.95 0.95
ENSG00000261824.2 1 0.95 0.95
